,Cell Index,Cell X,Cell Y,Height,Azimuth,Electrical Downtilt,Mechanical Downtilt,Frequency Band,RS Power,Cell Altitude,Cell Building Height,Cell Clutter Index,X,Y,Altitude,Building Height,Clutter Index,RSRP,Station Absolute Height,X Distance,Y Distance,Distance To Station,Altitude Delta,Azimuth To Station,Height Delta,Station Total Downtilt,Station Downtilt Delta,Vertical Degree
0,2596301,407810.0,3398540.0,10,330,3,3,2585.0,9.2,509,6,5,408070,3398685,506,0,6,-94.17,519,260.0,145.0,297.6995129320839,-3,-269.14807184571305,-13,6,0,2.5004146501211237
1,2596301,407810.0,3398540.0,10,330,3,3,2585.0,9.2,509,6,5,408065,3398700,506,0,6,-91.33,519,255.0,160.0,301.0398644698074,-3,-272.10625595511783,-13,6,0,2.4727045694090335
2,2596301,407810.0,3398540.0,10,330,3,3,2585.0,9.2,509,6,5,408055,3398710,506,0,6,-91.56,519,245.0,170.0,298.2029510249689,-3,-274.75591255354135,-13,6,0,2.496198694607772
3,2596301,407810.0,3398540.0,10,330,3,3,2585.0,9.2,509,6,5,408075,3398690,506,0,5,-95.09,519,265.0,150.0,304.50779957170226,-3,-269.5114985570903,-13,6,0,2.4445781429760447
4,2596301,407810.0,3398540.0,10,330,3,3,2585.0,9.2,509,6,5,408015,3398670,506,0,5,-101.33,519,205.0,130.0,242.7447218787671,-3,-272.38067770656926,-13,6,0,3.0655013455066364
5,2596301,407810.0,3398540.0,10,330,3,3,2585.0,9.2,509,6,5,408010,3398665,506,0,5,-92.0,519,200.0,125.0,235.8495283014151,-3,-272.0053832080835,-13,6,0,3.1549445151885434
6,2596301,407810.0,3398540.0,10,330,3,3,2585.0,9.2,509,6,5,408005,3398680,506,0,5,-95.67,519,195.0,140.0,240.05207768315609,-3,-275.676408221862,-13,6,0,3.099820130963856
7,2596301,407810.0,3398540.0,10,330,3,3,2585.0,9.2,509,6,5,408050,3398705,506,0,6,-91.12,519,240.0,165.0,291.247317584214,-3,-274.5085229876684,-13,6,0,2.5557353435634456
8,2596301,407810.0,3398540.0,10,330,3,3,2585.0,9.2,509,6,5,408025,3398660,506,0,10,-96.5,519,215.0,120.0,246.22144504490262,-3,-269.1676133795778,-13,6,0,3.02229633811497
9,2596301,407810.0,3398540.0,10,330,3,3,2585.0,9.2,509,6,5,408035,3398650,506,0,10,-89.36,519,225.0,110.0,250.44959572736389,-3,-266.053495310491,-13,6,0,2.971365417033303
10,2596301,407810.0,3398540.0,10,330,3,3,2585.0,9.2,509,6,5,408000,3398675,506,0,5,-91.0,519,190.0,135.0,233.0772404161333,-3,-275.3947958449871,-13,6,0,3.192393172409088
11,2596301,407810.0,3398540.0,10,330,3,3,2585.0,9.2,509,6,5,408020,3398655,506,0,10,-94.0,519,210.0,115.0,239.42639787625757,-3,-268.70595254340105,-13,6,0,3.107904860316374
12,2596301,407810.0,3398540.0,10,330,3,3,2585.0,9.2,509,6,5,408060,3398695,506,0,6,-94.55,519,250.0,155.0,294.15132160165456,-3,-271.7989128242944,-13,6,0,2.530536851257071
13,2596301,407810.0,3398540.0,10,330,3,3,2585.0,9.2,509,6,5,408030,3398645,506,0,10,-93.67,519,220.0,105.0,243.77243486497812,-3,-265.51387042753424,-13,6,0,3.052602083311346
14,2596301,407810.0,3398540.0,10,330,3,3,2585.0,9.2,509,6,5,408045,3398720,506,0,6,-90.5,519,235.0,180.0,296.0152023123137,-3,-277.4505782317367,-13,6,0,2.514623664298737
15,2596301,407810.0,3398540.0,10,330,3,3,2585.0,9.2,509,6,5,408040,3398715,506,0,6,-98.0,519,230.0,175.0,289.0069203323685,-3,-277.26640190097714,-13,6,0,2.5755209664882686
16,2596301,407810.0,3398540.0,10,330,3,3,2585.0,9.2,509,6,5,407800,3398785,506,5,15,-90.5,519,-10.0,245.0,245.20399670478457,-3,27.66269414087617,-13,6,0,3.0348136463834456
17,2596301,407810.0,3398540.0,10,330,3,3,2585.0,9.2,509,6,5,407790,3398735,506,5,15,-101.67,519,-20.0,195.0,196.02295783912658,-3,24.14398641457103,-13,6,0,3.7942291416914498
18,2596301,407810.0,3398540.0,10,330,3,3,2585.0,9.2,509,6,5,407785,3398730,506,5,5,-102.67,519,-25.0,190.0,191.637678967368,-3,22.504142360270123,-13,6,0,3.880790806107718
19,2596301,407810.0,3398540.0,10,330,3,3,2585.0,9.2,509,6,5,407780,3398725,506,5,6,-101.75,519,-30.0,185.0,187.41664813991312,-3,20.788973459183353,-13,6,0,3.967918528975765
20,2596301,407810.0,3398540.0,10,330,3,3,2585.0,9.2,509,6,5,407970,3398555,509,0,5,-92.25,519,160.0,15.0,160.70158679988197,0,-245.3558250428552,-10,6,0,3.5607611663268224
21,2596301,407810.0,3398540.0,10,330,3,3,2585.0,9.2,509,6,5,407765,3398670,507,0,15,-79.0,519,-45.0,130.0,137.56816492197603,-2,10.90650799951436,-12,6,0,4.985262560402529
22,2596301,407810.0,3398540.0,10,330,3,3,2585.0,9.2,509,6,5,407760,3398665,507,0,15,-89.5,519,-50.0,125.0,134.6291201783626,-2,8.198590513648185,-12,6,0,5.09352778654852
23,2596301,407810.0,3398540.0,10,330,3,3,2585.0,9.2,509,6,5,407950,3398495,509,96,5,-94.0,519,140.0,-45.0,147.05441169852742,0,-222.18111108547726,-10,6,0,3.890240754690596
24,2596301,407810.0,3398540.0,10,330,3,3,2585.0,9.2,509,6,5,407695,3398600,507,5,5,-85.5,519,-115.0,60.0,129.71121771072848,-2,-32.44718842328223,-12,6,0,5.2855710557292195
25,2596301,407810.0,3398540.0,10,330,3,3,2585.0,9.2,509,6,5,407795,3398660,507,0,5,-78.17,519,-15.0,120.0,120.93386622447825,-2,22.874983651098205,-12,6,0,5.666783353597028
26,2596301,407810.0,3398540.0,10,330,3,3,2585.0,9.2,509,6,5,407790,3398655,507,0,5,-76.96,519,-20.0,115.0,116.72617529928752,-2,20.13419305691565,-12,6,0,5.869655242120145
27,2596301,407810.0,3398540.0,10,330,3,3,2585.0,9.2,509,6,5,407785,3398650,507,0,5,-80.83,519,-25.0,110.0,112.80514172678478,-2,17.195733934713246,-12,6,0,6.07218168887136
28,2596301,407810.0,3398540.0,10,330,3,3,2585.0,9.2,509,6,5,407805,3398710,506,0,5,-107.0,519,-5.0,170.0,170.07351351694948,-3,28.315315682103687,-13,6,0,4.371048423849929
29,2596301,407810.0,3398540.0,10,330,3,3,2585.0,9.2,509,6,5,407945,3398490,508,96,5,-95.89,519,135.0,-50.0,143.96180048887967,-1,-219.67686317033707,-11,6,0,4.369432045972333
30,2596301,407810.0,3398540.0,10,330,3,3,2585.0,9.2,509,6,5,407885,3398470,506,0,13,-95.4,519,75.0,-70.0,102.59142264341595,-3,-196.97493401088195,-13,6,0,7.2218166645519215
31,2596301,407810.0,3398540.0,10,330,3,3,2585.0,9.2,509,6,5,407940,3398485,508,96,13,-91.67,519,130.0,-55.0,141.15594213493105,-1,-217.06789956241022,-11,6,0,4.455939991066649
32,2596301,407810.0,3398540.0,10,330,3,3,2585.0,9.2,509,6,5,407920,3398505,508,0,6,-92.0,519,110.0,-35.0,115.43396380615195,-1,-222.34987578006985,-11,6,0,5.443425587867194
33,2596301,407810.0,3398540.0,10,330,3,3,2585.0,9.2,509,6,5,407935,3398520,509,0,5,-93.88,519,125.0,-20.0,126.58988901172162,0,-230.9097230791777,-10,6,0,4.51671489873507
34,2596301,407810.0,3398540.0,10,330,3,3,2585.0,9.2,509,6,5,407975,3398560,508,0,5,-97.0,519,165.0,20.0,166.20770138594662,-1,-246.91122711902472,-11,6,0,3.786441849155542
35,2596301,407810.0,3398540.0,10,330,3,3,2585.0,9.2,509,6,5,407990,3398535,509,6,5,-103.0,519,180.0,-5.0,180.06943105369106,0,-238.4088597288054,-10,6,0,3.178606557653405
36,2596301,407810.0,3398540.0,10,330,3,3,2585.0,9.2,509,6,5,407800,3398705,506,0,6,-84.0,519,-10.0,165.0,165.3027525481654,-3,26.53177074108288,-13,6,0,4.49668998060027
37,2596301,407810.0,3398540.0,10,330,3,3,2585.0,9.2,509,6,5,407770,3398675,507,0,15,-81.91,519,-40.0,135.0,140.80127840328723,-2,13.495638618244982,-12,6,0,4.871347014634027
38,2596301,407810.0,3398540.0,10,330,3,3,2585.0,9.2,509,6,5,407930,3398515,509,0,5,-90.36,519,120.0,-25.0,122.57650672131263,0,-228.23171106797935,-10,6,0,4.663958383459289
39,2596301,407810.0,3398540.0,10,330,3,3,2585.0,9.2,509,6,5,407925,3398510,508,0,6,-88.63,519,115.0,-30.0,118.84864324004712,-1,-225.37912601136833,-11,6,0,5.287928318796864
40,2596301,407810.0,3398540.0,10,330,3,3,2585.0,9.2,509,6,5,407775,3398680,507,0,15,-83.83,519,-35.0,140.0,144.30869689661813,-2,15.963756532073546,-12,6,0,4.753498326106595
41,2596301,407810.0,3398540.0,10,330,3,3,2585.0,9.2,509,6,5,407985,3398530,509,0,5,-94.45,519,175.0,-10.0,175.28548142958104,0,-236.72951207681643,-10,6,0,3.2651729263822804
42,2596301,407810.0,3398540.0,10,330,3,3,2585.0,9.2,509,6,5,407780,3398645,507,5,5,-82.2,519,-30.0,105.0,109.20164833920778,-2,14.054604099077153,-12,6,0,6.2709835451627045
43,2596301,407810.0,3398540.0,10,330,3,3,2585.0,9.2,509,6,5,407880,3398465,506,0,6,-92.5,519,70.0,-75.0,102.59142264341595,-3,-193.02506598911805,-13,6,0,7.2218166645519215
44,2596301,407810.0,3398540.0,10,330,3,3,2585.0,9.2,509,6,5,407915,3398460,507,0,5,-100.0,519,105.0,-80.0,132.00378782444085,-2,-202.6960517220166,-12,6,0,5.194280669908639
45,2596301,407810.0,3398540.0,10,330,3,3,2585.0,9.2,509,6,5,407965,3398550,509,6,10,-89.63,519,155.0,10.0,155.32224567009067,0,-243.69138598645128,-10,6,0,3.6837486104813357
46,2596301,407810.0,3398540.0,10,330,3,3,2585.0,9.2,509,6,5,407895,3398480,507,96,5,-95.17,519,85.0,-60.0,104.04326023342406,-2,-204.78240703180728,-12,6,0,6.579231941596222
47,2596301,407810.0,3398540.0,10,330,3,3,2585.0,9.2,509,6,5,407980,3398525,509,0,5,-96.83,519,170.0,-15.0,170.66048165876012,0,-234.9575489308291,-10,6,0,3.3534617473720094
48,2596301,407810.0,3398540.0,10,330,3,3,2585.0,9.2,509,6,5,407955,3398500,509,96,5,-91.6,519,145.0,-40.0,150.41608956491322,0,-224.5778386812613,-10,6,0,3.8035551357729256
49,2596301,407810.0,3398540.0,10,330,3,3,2585.0,9.2,509,6,5,407890,3398475,507,6,13,-92.8,519,80.0,-65.0,103.07764064044152,-2,-200.9061411137705,-12,6,0,6.640317538681618
50,2596301,407810.0,3398540.0,10,330,3,3,2585.0,9.2,509,6,5,407995,3398540,509,6,10,-96.67,519,185.0,0.0,185.0,0,-240.0,-10,6,0,3.0940580589171116
51,2596301,407810.0,3398540.0,10,330,3,3,2585.0,9.2,509,6,5,408175,3398760,508,0,6,-91.0,519,365.0,220.0,426.1748467472007,-1,-271.07903963507925,-11,6,0,1.4785332250679684
52,2596301,407810.0,3398540.0,10,330,3,3,2585.0,9.2,509,6,5,407960,3398545,509,0,10,-95.73,519,150.0,5.0,150.08331019803634,0,-241.9091524329964,-10,6,0,3.8119639118057664
53,2596301,407810.0,3398540.0,10,330,3,3,2585.0,9.2,509,6,5,407645,3398405,504,0,13,-101.67,519,-165.0,-135.0,213.19005605327843,-5,-99.28940686250036,-15,6,0,4.024684330450142
54,2596301,407810.0,3398540.0,10,330,3,3,2585.0,9.2,509,6,5,407580,3398360,506,0,5,-95.0,519,-230.0,-180.0,292.0616373302047,-3,-98.04704253182607,-13,6,0,2.5486189082496593
55,2596301,407810.0,3398540.0,10,330,3,3,2585.0,9.2,509,6,5,407645,3398390,504,0,13,-100.67,519,-165.0,-150.0,222.9910312097776,-5,-102.27368900609375,-15,6,0,3.8483337712111747
56,2596301,407810.0,3398540.0,10,330,3,3,2585.0,9.2,509,6,5,407625,3398545,506,0,15,-89.44,519,-185.0,5.0,185.06755523321746,-3,-58.451842301022054,-13,6,0,4.018120026092095
57,2596301,407810.0,3398540.0,10,330,3,3,2585.0,9.2,509,6,5,407675,3398515,507,0,15,-92.67,519,-135.0,-25.0,137.2953021774598,-2,-70.49147701233159,-12,6,0,4.995120268354493
58,2596301,407810.0,3398540.0,10,330,3,3,2585.0,9.2,509,6,5,407670,3398520,507,0,15,-84.0,519,-140.0,-20.0,141.4213562373095,-2,-68.13010235415595,-12,6,0,4.850090156191999
59,2596301,407810.0,3398540.0,10,330,3,3,2585.0,9.2,509,6,5,407695,3399090,507,0,5,-104.0,519,-115.0,550.0,561.8941181397079,-2,18.190117042971735,-12,6,0,1.2234419826023915
60,2596301,407810.0,3398540.0,10,330,3,3,2585.0,9.2,509,6,5,408015,3398605,506,0,13,-94.43,519,205.0,65.0,215.05813167606567,-3,-257.5924245621816,-13,6,0,3.4592501894854757
61,2596301,407810.0,3398540.0,10,330,3,3,2585.0,9.2,509,6,5,408110,3398710,507,0,6,-88.67,519,300.0,170.0,344.81879299133334,-2,-269.5387822595581,-12,6,0,1.9931396013438825
62,2596301,407810.0,3398540.0,10,330,3,3,2585.0,9.2,509,6,5,408105,3398715,507,0,5,-87.38,519,295.0,175.0,343.0014577228499,-2,-270.67728002179643,-12,6,0,2.003691329534817
63,2596301,407810.0,3398540.0,10,330,3,3,2585.0,9.2,509,6,5,408090,3398690,506,0,13,-93.67,519,280.0,150.0,317.6476034853718,-3,-268.17859010995915,-13,6,0,2.3435709556923716
64,2596301,407810.0,3398540.0,10,330,3,3,2585.0,9.2,509,6,5,408085,3398695,506,0,13,-96.92,519,275.0,155.0,315.67388235329196,-3,-269.40718906073363,-13,6,0,2.3582074203612087
65,2596301,407810.0,3398540.0,10,330,3,3,2585.0,9.2,509,6,5,408000,3398620,506,0,10,-91.78,519,190.0,80.0,206.15528128088303,-3,-262.83365417791754,-13,6,0,3.608251959405563
66,2596301,407810.0,3398540.0,10,330,3,3,2585.0,9.2,509,6,5,408080,3398700,506,0,5,-94.33,519,270.0,160.0,313.8470965295043,-3,-270.65066795705286,-13,6,0,2.371918026365441
67,2596301,407810.0,3398540.0,10,330,3,3,2585.0,9.2,509,6,5,408035,3398625,506,0,13,-97.0,519,225.0,85.0,240.52026941611388,-3,-260.6954507340633,-13,6,0,3.093797819259819
68,2596301,407810.0,3398540.0,10,330,3,3,2585.0,9.2,509,6,5,408100,3398720,507,0,5,-96.38,519,290.0,180.0,341.32096331752024,-2,-271.8274465766731,-12,6,0,2.013548406887003
69,2596301,407810.0,3398540.0,10,330,3,3,2585.0,9.2,509,6,5,408025,3398635,506,0,13,-93.67,519,215.0,95.0,235.05318547086316,-3,-263.8387401831717,-13,6,0,3.165611531769777
70,2596301,407810.0,3398540.0,10,330,3,3,2585.0,9.2,509,6,5,408010,3398610,506,0,13,-86.45,519,200.0,70.0,211.8962010041709,-3,-259.29004621918875,-13,6,0,3.510741214287699
71,2596301,407810.0,3398540.0,10,330,3,3,2585.0,9.2,509,6,5,408020,3398640,506,0,10,-90.18,519,210.0,100.0,232.59406699226014,-3,-265.4633450618716,-13,6,0,3.1990110506284033
72,2596301,407810.0,3398540.0,10,330,3,3,2585.0,9.2,509,6,5,408005,3398615,506,0,13,-89.22,519,195.0,75.0,208.92582415776178,-3,-261.0375110254218,-13,6,0,3.5605272330270576
73,2596301,407810.0,3398540.0,10,330,3,3,2585.0,9.2,509,6,5,408030,3398630,506,0,13,-89.86,519,220.0,90.0,237.69728648009425,-3,-262.2490236572124,-13,6,0,3.1304682805625172
74,2596301,407810.0,3398540.0,10,330,3,3,2585.0,9.2,509,6,5,408120,3398660,506,0,5,-108.0,519,310.0,120.0,332.41540277189324,-3,-261.1612598168283,-13,6,0,2.2395645645942417
75,2596301,407810.0,3398540.0,10,330,3,3,2585.0,9.2,509,6,5,408095,3398685,506,0,13,-103.5,519,285.0,145.0,319.7655391063896,-3,-266.96571443287013,-13,6,0,2.3280656799231667
76,2596301,407810.0,3398540.0,10,330,3,3,2585.0,9.2,509,6,5,407645,3398410,505,0,5,-98.33,519,-165.0,-130.0,210.05951537600004,-4,-98.23382517744693,-14,6,0,3.8129973949738423
77,2596301,407810.0,3398540.0,10,330,3,3,2585.0,9.2,509,6,5,408070,3398475,508,0,13,-84.0,519,260.0,-65.0,268.00186566514793,-1,-225.9637565320735,-11,6,0,2.3503568210369057
78,2596301,407810.0,3398540.0,10,330,3,3,2585.0,9.2,509,6,5,407945,3398645,508,9,6,-96.25,519,135.0,105.0,171.0263137648707,-1,-277.8749836510982,-11,6,0,3.6800574361851672
79,2596301,407810.0,3398540.0,10,330,3,3,2585.0,9.2,509,6,5,407810,3398560,509,6,6,-91.0,519,0.0,20.0,20.0,0,-330.0,-10,6,0,26.56505117707799
80,2596301,407810.0,3398540.0,10,330,3,3,2585.0,9.2,509,6,5,407915,3398615,509,9,5,-95.25,519,105.0,75.0,129.0348790056394,0,-275.5376777919744,-10,6,0,4.431475061572095
81,2596301,407810.0,3398540.0,10,330,3,3,2585.0,9.2,509,6,5,407925,3398665,508,5,5,-109.25,519,115.0,125.0,169.85287751463028,-1,-287.3859440303888,-11,6,0,3.7054106910676357
82,2596301,407810.0,3398540.0,10,330,3,3,2585.0,9.2,509,6,5,407940,3398650,508,9,6,-98.8,519,130.0,110.0,170.29386365926402,-1,-280.23635830927384,-11,6,0,3.6958419373028546
83,2596301,407810.0,3398540.0,10,330,3,3,2585.0,9.2,509,6,5,407765,3398505,508,0,13,-97.56,519,-45.0,-35.0,57.0087712549569,-1,-97.8749836510982,-11,6,0,10.921164573050607
84,2596301,407810.0,3398540.0,10,330,3,3,2585.0,9.2,509,6,5,407785,3398485,507,0,13,-91.25,519,-25.0,-55.0,60.41522986797286,-2,-125.55604521958347,-12,6,0,11.234183630462516
85,2596301,407810.0,3398540.0,10,330,3,3,2585.0,9.2,509,6,5,407790,3398500,508,0,5,-92.2,519,-20.0,-40.0,44.721359549995796,-1,-123.434948822922,-11,6,0,13.818582444029007
86,2596301,407810.0,3398540.0,10,330,3,3,2585.0,9.2,509,6,5,407835,3398535,509,0,6,-80.55,519,25.0,-5.0,25.495097567963924,0,-228.69006752597977,-10,6,0,21.416714033033625
87,2596301,407810.0,3398540.0,10,330,3,3,2585.0,9.2,509,6,5,407885,3398625,509,0,6,-87.7,519,75.0,85.0,113.35784048754634,0,-288.5763343749974,-10,6,0,5.041366545778496
88,2596301,407810.0,3398540.0,10,330,3,3,2585.0,9.2,509,6,5,407860,3398570,509,0,5,-85.14,519,50.0,30.0,58.309518948453004,0,-270.9637565320735,-10,6,0,9.731475473157628
89,2596301,407810.0,3398540.0,10,330,3,3,2585.0,9.2,509,6,5,407855,3398595,509,0,6,-86.25,519,45.0,55.0,71.06335201775947,0,-290.71059313749964,-10,6,0,8.010038745332457
90,2596301,407810.0,3398540.0,10,330,3,3,2585.0,9.2,509,6,5,407865,3398565,509,0,6,-83.31,519,55.0,25.0,60.41522986797286,0,-264.44395478041656,-10,6,0,9.398452517514336
91,2596301,407810.0,3398540.0,10,330,3,3,2585.0,9.2,509,6,5,407910,3398620,509,9,6,-104.57,519,100.0,80.0,128.06248474865697,0,-278.6598082540901,-10,6,0,4.464988243535739
92,2596301,407810.0,3398540.0,10,330,3,3,2585.0,9.2,509,6,5,407900,3398610,510,0,6,-85.21,519,90.0,70.0,114.0175425099138,1,-277.8749836510982,-9,6,0,4.513296814440812
93,2596301,407810.0,3398540.0,10,330,3,3,2585.0,9.2,509,6,5,407840,3398590,508,0,6,-84.13,519,30.0,50.0,58.309518948453004,-1,-299.03624346792645,-11,6,0,10.683208254258416
94,2596301,407810.0,3398540.0,10,330,3,3,2585.0,9.2,509,6,5,407745,3398445,506,0,5,-87.25,519,-65.0,-95.0,115.10864433221339,-3,-115.61965527615513,-13,6,0,6.443498584238016
95,2596301,407810.0,3398540.0,10,330,3,3,2585.0,9.2,509,6,5,407905,3398605,510,0,5,-80.27,519,95.0,65.0,115.10864433221339,1,-274.38034472384487,-9,6,0,4.470690043051321
96,2596301,407810.0,3398540.0,10,330,3,3,2585.0,9.2,509,6,5,407875,3398575,509,0,5,-85.0,519,65.0,35.0,73.824115301167,0,-268.3007557660064,-10,6,0,7.714166909160776
97,2596301,407810.0,3398540.0,10,330,3,3,2585.0,9.2,509,6,5,407880,3398630,509,0,6,-86.75,519,70.0,90.0,114.0175425099138,0,-292.1250163489018,-10,6,0,5.012346376969023
98,2596301,407810.0,3398540.0,10,330,3,3,2585.0,9.2,509,6,5,407995,3398695,506,9,6,-107.5,519,185.0,155.0,241.3503677229434,-3,-279.9575489308291,-13,6,0,3.083177603587468
99,2596301,407810.0,3398540.0,10,330,3,3,2585.0,9.2,509,6,5,407825,3398525,508,0,13,-85.68,519,15.0,-15.0,21.213203435596427,-1,-195.0,-11,6,0,27.40876997825205
100,2596301,407810.0,3398540.0,10,330,3,3,2585.0,9.2,509,6,5,407850,3398600,509,0,6,-88.65,519,40.0,60.0,72.11102550927978,0,-296.30993247402023,-10,6,0,7.895142105045789
101,2596301,407810.0,3398540.0,10,330,3,3,2585.0,9.2,509,6,5,407780,3398490,507,0,13,-95.06,519,-30.0,-50.0,58.309518948453004,-2,-119.03624346792648,-12,6,0,11.62901399521606
102,2596301,407810.0,3398540.0,10,330,3,3,2585.0,9.2,509,6,5,407895,3398635,510,0,6,-89.89,519,85.0,95.0,127.47548783981962,1,-288.1798301198642,-9,6,0,4.038484460418017
103,2596301,407810.0,3398540.0,10,330,3,3,2585.0,9.2,509,6,5,407890,3398640,509,0,5,-99.0,519,80.0,100.0,128.06248474865697,0,-291.3401917459099,-10,6,0,4.464988243535739
104,2596301,407810.0,3398540.0,10,330,3,3,2585.0,9.2,509,6,5,407830,3398540,509,0,6,-78.41,519,20.0,0.0,20.0,0,-240.0,-10,6,0,26.56505117707799
105,2596301,407810.0,3398540.0,10,330,3,3,2585.0,9.2,509,6,5,407770,3398520,509,6,5,-99.0,519,-40.0,-20.0,44.721359549995796,0,-86.56505117707798,-10,6,0,12.604382648379183
106,2596301,407810.0,3398540.0,10,330,3,3,2585.0,9.2,509,6,5,407775,3398515,509,0,5,-93.85,519,-35.0,-25.0,43.01162633521314,0,-95.53767779197437,-10,6,0,13.088476085833271
107,2596301,407810.0,3398540.0,10,330,3,3,2585.0,9.2,509,6,5,407760,3398510,509,6,5,-97.0,519,-50.0,-30.0,58.309518948453004,0,-90.96375653207352,-10,6,0,9.731475473157628
108,2596301,407810.0,3398540.0,10,330,3,3,2585.0,9.2,509,6,5,407795,3398495,507,0,5,-90.07,519,-15.0,-45.0,47.43416490252569,-2,-131.565051177078,-12,6,0,14.196947417484148
109,2596301,407810.0,3398540.0,10,330,3,3,2585.0,9.2,509,6,5,407845,3398585,509,0,6,-81.42,519,35.0,45.0,57.0087712549569,0,-292.1250163489018,-10,6,0,9.949126297159781
110,2596301,407810.0,3398540.0,10,330,3,3,2585.0,9.2,509,6,5,407870,3398580,509,0,6,-85.25,519,60.0,40.0,72.11102550927978,0,-273.69006752597977,-10,6,0,7.895142105045789
111,2596301,407810.0,3398540.0,10,330,3,3,2585.0,9.2,509,6,5,407725,3398465,507,0,2,-94.75,519,-85.0,-75.0,113.35784048754634,-2,-101.42366562500266,-12,6,0,6.042795141980061
112,2596301,407810.0,3398540.0,10,330,3,3,2585.0,9.2,509,6,5,407755,3398455,506,0,5,-92.0,519,-55.0,-85.0,101.24228365658294,-3,-117.0947570770121,-13,6,0,7.317017282669025
113,2596301,407810.0,3398540.0,10,330,3,3,2585.0,9.2,509,6,5,407700,3398410,505,0,5,-100.33,519,-110.0,-130.0,170.29386365926402,-4,-109.76364169072619,-14,6,0,4.699764671064311
114,2596301,407810.0,3398540.0,10,330,3,3,2585.0,9.2,509,6,5,407720,3398470,508,0,2,-92.67,519,-90.0,-70.0,114.0175425099138,-1,-97.8749836510982,-11,6,0,5.510634651350269
115,2596301,407810.0,3398540.0,10,330,3,3,2585.0,9.2,509,6,5,407950,3398660,507,9,6,-98.0,519,140.0,120.0,184.39088914585776,-2,-280.6012946450045,-12,6,0,3.7235091093771655
116,2596301,407810.0,3398540.0,10,330,3,3,2585.0,9.2,509,6,5,407820,3398530,509,0,13,-81.04,519,10.0,-10.0,14.142135623730951,0,-195.0,-10,6,0,35.264389682754654
117,2596301,407810.0,3398540.0,10,330,3,3,2585.0,9.2,509,6,5,407710,3398420,506,0,5,-92.0,519,-100.0,-120.0,156.20499351813308,-3,-110.19442890773482,-13,6,0,4.757418902505815
118,2596301,407810.0,3398540.0,10,330,3,3,2585.0,9.2,509,6,5,407740,3398450,507,0,5,-92.0,519,-70.0,-90.0,114.0175425099138,-2,-112.12501634890182,-12,6,0,6.0080881868734854
119,2596301,407810.0,3398540.0,10,330,3,3,2585.0,9.2,509,6,5,407675,3399085,507,0,5,-105.0,519,-135.0,545.0,561.4712815451918,-2,16.087505323480002,-12,6,0,1.2243630602191329
120,2596301,407810.0,3398540.0,10,330,3,3,2585.0,9.2,509,6,5,408045,3398715,506,0,6,-92.0,519,235.0,175.0,293.00170647967224,-3,-276.6743496695732,-13,6,0,2.5404526279857778
121,2596301,407810.0,3398540.0,10,330,3,3,2585.0,9.2,509,6,5,408025,3398655,506,0,10,-98.8,519,215.0,115.0,243.82370680473218,-3,-268.14160123226173,-13,6,0,3.0519613871513607
122,2596301,407810.0,3398540.0,10,330,3,3,2585.0,9.2,509,6,5,408030,3398650,506,0,10,-94.0,519,220.0,110.0,245.96747752497686,-3,-266.565051177078,-13,6,0,3.02541113968569
123,2596301,407810.0,3398540.0,10,330,3,3,2585.0,9.2,509,6,5,408000,3398680,506,9,6,-93.0,519,190.0,140.0,236.00847442411893,-3,-276.3843518158359,-13,6,0,3.152824022765027
124,2596301,407810.0,3398540.0,10,330,3,3,2585.0,9.2,509,6,5,408065,3398695,506,0,6,-92.8,519,255.0,155.0,298.41246622753545,-3,-271.2930389959202,-13,6,0,2.4944483296043165
125,2596301,407810.0,3398540.0,10,330,3,3,2585.0,9.2,509,6,5,408070,3398690,506,0,6,-96.17,519,260.0,150.0,300.1666203960727,-3,-269.9816393688493,-13,6,0,2.4798891884063194
126,2596301,407810.0,3398540.0,10,330,3,3,2585.0,9.2,509,6,5,408020,3398660,506,0,10,-92.69,519,210.0,120.0,241.8677324489565,-3,-269.7448812969422,-13,6,0,3.076595247107804
127,2596301,407810.0,3398540.0,10,330,3,3,2585.0,9.2,509,6,5,408010,3398670,506,0,5,-90.64,519,200.0,130.0,238.53720883753127,-3,-273.02386755579664,-13,6,0,3.1194672790793594
128,2596301,407810.0,3398540.0,10,330,3,3,2585.0,9.2,509,6,5,408060,3398700,506,0,6,-90.83,519,250.0,160.0,296.8164415931166,-3,-272.61924307119284,-13,6,0,2.507844257466377
129,2596301,407810.0,3398540.0,10,330,3,3,2585.0,9.2,509,6,5,408050,3398710,506,0,6,-90.82,519,240.0,170.0,294.10882339705483,-3,-275.3112134396332,-13,6,0,2.530902033922521
130,2596301,407810.0,3398540.0,10,330,3,3,2585.0,9.2,509,6,5,408015,3398665,506,0,5,-92.64,519,205.0,125.0,240.10414407085938,-3,-271.37300514010843,-13,6,0,3.0991492479936684
131,2596301,407810.0,3398540.0,10,330,3,3,2585.0,9.2,509,6,5,408035,3398645,506,0,13,-89.47,519,225.0,105.0,248.29418035870273,-3,-265.01689347810003,-13,6,0,2.997112698373278
132,2596301,407810.0,3398540.0,10,330,3,3,2585.0,9.2,509,6,5,408055,3398705,506,0,6,-91.52,519,245.0,165.0,295.3811097548386,-3,-273.95905981967627,-13,6,0,2.5200148377637372
133,2596301,407810.0,3398540.0,10,330,3,3,2585.0,9.2,509,6,5,408005,3398675,506,0,5,-93.8,519,195.0,135.0,237.17082451262846,-3,-274.695153531234,-13,6,0,3.137403297428614
134,2596301,407810.0,3398540.0,10,330,3,3,2585.0,9.2,509,6,5,407660,3399100,507,0,6,-107.0,519,-150.0,560.0,579.7413216254298,-2,15.004920870824037,-12,6,0,1.185789526527574
135,2596301,407810.0,3398540.0,10,330,3,3,2585.0,9.2,509,6,5,408040,3398720,506,0,6,-95.5,519,230.0,180.0,292.0616373302047,-3,-278.0470425318261,-13,6,0,2.5486189082496593
136,2596301,407810.0,3398540.0,10,330,3,3,2585.0,9.2,509,6,5,408075,3398685,506,0,6,-94.63,519,265.0,145.0,302.0761493398643,-3,-268.68614757373945,-13,6,0,2.46423232773534
137,2596301,407810.0,3398540.0,10,330,3,3,2585.0,9.2,509,6,5,408015,3398690,506,0,6,-96.0,519,205.0,150.0,254.01771591761076,-3,-276.19320730556467,-13,6,0,2.9297006567320643
138,2596301,407810.0,3398540.0,10,330,3,3,2585.0,9.2,509,6,5,408055,3398650,505,0,5,-95.4,519,245.0,110.0,268.5609800399157,-4,-264.17910714668915,-14,6,0,2.984109934244242
139,2596301,407810.0,3398540.0,10,330,3,3,2585.0,9.2,509,6,5,408085,3398620,505,18,5,-94.5,519,275.0,80.0,286.40006983239374,-4,-256.2201936956028,-14,6,0,2.7985430267147904
140,2596301,407810.0,3398540.0,10,330,3,3,2585.0,9.2,509,6,5,408065,3398680,506,0,6,-93.67,519,255.0,140.0,290.90376415577714,-3,-268.7676493388438,-13,6,0,2.55874962345339
141,2596301,407810.0,3398540.0,10,330,3,3,2585.0,9.2,509,6,5,408050,3398645,505,0,5,-93.07,519,240.0,105.0,261.9637379485947,-4,-263.6293777306568,-14,6,0,3.0591201669188517
142,2596301,407810.0,3398540.0,10,330,3,3,2585.0,9.2,509,6,5,408030,3398705,506,0,6,-99.33,519,220.0,165.0,275.0,-3,-276.86989764584405,-13,6,0,2.7065128677028385
143,2596301,407810.0,3398540.0,10,330,3,3,2585.0,9.2,509,6,5,408045,3398660,506,0,5,-96.3,519,235.0,120.0,263.86549603917524,-3,-267.05059700708614,-13,6,0,2.8205406524532544
144,2596301,407810.0,3398540.0,10,330,3,3,2585.0,9.2,509,6,5,408010,3398685,506,0,5,-99.0,519,200.0,145.0,247.0323865407125,-3,-275.94211187138234,-13,6,0,3.012393248022576
145,2596301,407810.0,3398540.0,10,330,3,3,2585.0,9.2,509,6,5,408075,3398670,506,0,6,-96.56,519,265.0,130.0,295.16944286290885,-3,-266.13100054493856,-13,6,0,2.5218196158259354
146,2596301,407810.0,3398540.0,10,330,3,3,2585.0,9.2,509,6,5,408060,3398675,506,0,5,-96.7,519,250.0,135.0,284.1214529035075,-3,-268.3690462932786,-13,6,0,2.61974586371949
147,2596301,407810.0,3398540.0,10,330,3,3,2585.0,9.2,509,6,5,408040,3398655,506,0,10,-92.92,519,230.0,115.0,257.14781741247583,-3,-266.565051177078,-13,6,0,2.894100220591698
148,2596301,407810.0,3398540.0,10,330,3,3,2585.0,9.2,509,6,5,408070,3398665,505,0,6,-94.71,519,260.0,125.0,288.4874347350331,-4,-265.6768156818382,-14,6,0,2.7783258744990715
149,2596301,407810.0,3398540.0,10,330,3,3,2585.0,9.2,509,6,5,408105,3398690,506,18,5,-102.0,519,295.0,150.0,330.94561486745823,-3,-266.95217893122896,-13,6,0,2.249500670832942
150,2596301,407810.0,3398540.0,10,330,3,3,2585.0,9.2,509,6,5,408020,3398605,506,96,13,-95.33,519,210.0,65.0,219.82947936980608,-3,-257.19854122006586,-13,6,0,3.3843444183194227
151,2596301,407810.0,3398540.0,10,330,3,3,2585.0,9.2,509,6,5,408005,3398630,506,0,10,-88.83,519,195.0,90.0,214.76731594914529,-3,-264.77514056883194,-13,6,0,3.4639229511501335
152,2596301,407810.0,3398540.0,10,330,3,3,2585.0,9.2,509,6,5,408035,3398620,506,0,13,-90.6,519,225.0,80.0,238.79907872519107,-3,-259.57312583041016,-13,6,0,3.1160531795316553
153,2596301,407810.0,3398540.0,10,330,3,3,2585.0,9.2,509,6,5,408135,3398680,507,0,5,-108.67,519,325.0,140.0,353.8714455844099,-2,-263.30489053920314,-12,6,0,1.9421911540098096
154,2596301,407810.0,3398540.0,10,330,3,3,2585.0,9.2,509,6,5,408015,3398640,506,0,10,-94.44,519,205.0,100.0,228.08989455914087,-3,-266.00334584451144,-13,6,0,3.2620479554153015
155,2596301,407810.0,3398540.0,10,330,3,3,2585.0,9.2,509,6,5,408010,3398635,506,0,10,-92.38,519,200.0,95.0,221.41589825484527,-3,-265.4077181089485,-13,6,0,3.36015174860755
156,2596301,407810.0,3398540.0,10,330,3,3,2585.0,9.2,509,6,5,408080,3398705,506,0,5,-99.33,519,270.0,165.0,316.4253466459348,-3,-271.4295656148385,-13,6,0,2.352613320035757
157,2596301,407810.0,3398540.0,10,330,3,3,2585.0,9.2,509,6,5,408095,3398720,507,0,5,-95.22,519,285.0,180.0,337.08307581366347,-2,-272.2756443145776,-12,6,0,2.0388419776433127
158,2596301,407810.0,3398540.0,10,330,3,3,2585.0,9.2,509,6,5,408085,3398710,506,0,5,-96.14,519,275.0,170.0,323.3032632065442,-3,-271.723602957684,-13,6,0,2.3026185505911037
159,2596301,407810.0,3398540.0,10,330,3,3,2585.0,9.2,509,6,5,408090,3398715,506,0,5,-93.43,519,280.0,175.0,330.1893396219811,-3,-272.0053832080835,-13,6,0,2.254647681237492
160,2596301,407810.0,3398540.0,10,330,3,3,2585.0,9.2,509,6,5,408025,3398610,506,0,13,-93.73,519,215.0,70.0,226.10838109190027,-3,-258.03428556712987,-13,6,0,3.2905725484281616
161,2596301,407810.0,3398540.0,10,330,3,3,2585.0,9.2,509,6,5,408030,3398615,506,0,13,-92.0,519,220.0,75.0,232.43278598338918,-3,-258.82471001824007,-13,6,0,3.201226172897942
162,2596301,407810.0,3398540.0,10,330,3,3,2585.0,9.2,509,6,5,408000,3398625,506,0,10,-92.36,519,190.0,85.0,208.1465829649865,-3,-264.10223450116115,-13,6,0,3.573822344556484
163,2596301,407810.0,3398540.0,10,330,3,3,2585.0,9.2,509,6,5,408115,3398700,507,18,5,-92.0,519,305.0,160.0,344.41980198589044,-2,-267.68106156848523,-12,6,0,1.9954466761597631
164,2596301,407810.0,3398540.0,10,330,3,3,2585.0,9.2,509,6,5,408065,3398645,505,0,6,-98.92,519,255.0,105.0,275.77164466275354,-4,-262.38013505195954,-14,6,0,2.9062192794802697
165,2596301,407810.0,3398540.0,10,330,3,3,2585.0,9.2,509,6,5,408060,3398650,505,0,5,-92.11,519,250.0,110.0,273.1300056749533,-4,-263.74949449286675,-14,6,0,2.9342785536289457
166,2596301,407810.0,3398540.0,10,330,3,3,2585.0,9.2,509,6,5,408050,3398680,506,0,5,-95.29,519,240.0,140.0,277.8488797889961,-3,-270.25643716352926,-13,6,0,2.678802695777687
167,2596301,407810.0,3398540.0,10,330,3,3,2585.0,9.2,509,6,5,408040,3398670,506,0,5,-94.11,519,230.0,130.0,264.1968962724581,-3,-269.47588900324575,-13,6,0,2.8170083578586302
168,2596301,407810.0,3398540.0,10,330,3,3,2585.0,9.2,509,6,5,408025,3398685,506,0,5,-93.0,519,215.0,145.0,259.3260495977988,-3,-273.9964591482505,-13,6,0,2.8698317781904414
169,2596301,407810.0,3398540.0,10,330,3,3,2585.0,9.2,509,6,5,408020,3398690,506,0,5,-95.5,519,210.0,150.0,258.0697580112788,-3,-275.5376777919744,-13,6,0,2.8837786834604984
170,2596301,407810.0,3398540.0,10,330,3,3,2585.0,9.2,509,6,5,408035,3398695,506,0,5,-91.3,519,225.0,155.0,273.22152184628504,-3,-274.56252464888183,-13,6,0,2.7241038933989152
171,2596301,407810.0,3398540.0,10,330,3,3,2585.0,9.2,509,6,5,408045,3398665,506,0,5,-94.88,519,235.0,125.0,266.1766330841233,-3,-268.00917670801385,-13,6,0,2.7960897228201236
172,2596301,407810.0,3398540.0,10,330,3,3,2585.0,9.2,509,6,5,408055,3398675,506,0,5,-95.0,519,245.0,135.0,279.7320146139873,-3,-268.8556612197165,-13,6,0,2.6607952023467005
173,2596301,407810.0,3398540.0,10,330,3,3,2585.0,9.2,509,6,5,408075,3398655,505,0,6,-85.67,519,265.0,115.0,288.87713651308576,-4,-263.45902408146156,-14,6,0,2.7745837108901212
174,2596301,407810.0,3398540.0,10,330,3,3,2585.0,9.2,509,6,5,408030,3398700,506,0,6,-96.75,519,220.0,160.0,272.02941017470886,-3,-276.0273733851036,-13,6,0,2.7360236055138034
175,2596301,407810.0,3398540.0,10,330,3,3,2585.0,9.2,509,6,5,407730,3398550,511,5,15,-90.5,519,-80.0,10.0,80.62257748298549,2,-52.874983651098205,-8,6,0,5.666783353597029
176,2596301,407810.0,3398540.0,10,330,3,3,2585.0,9.2,509,6,5,407955,3398565,509,6,5,-94.43,519,145.0,25.0,147.13938969562162,0,-249.78240703180728,-10,6,0,3.8880009012616275
177,2596301,407810.0,3398540.0,10,330,3,3,2585.0,9.2,509,6,5,407840,3398680,507,0,15,-88.67,519,30.0,140.0,143.17821063276352,-2,-317.9052429229879,-12,6,0,4.790856308572945
178,2596301,407810.0,3398540.0,10,330,3,3,2585.0,9.2,509,6,5,408115,3398725,507,0,5,-94.0,519,305.0,185.0,356.72117963473937,-2,-271.2392148882088,-12,6,0,1.9266873365117558
179,2596301,407810.0,3398540.0,10,330,3,3,2585.0,9.2,509,6,5,407965,3398635,507,0,5,-96.0,519,155.0,95.0,181.79658962697843,-2,-271.50426671920417,-12,6,0,3.776492172390718
180,2596301,407810.0,3398540.0,10,330,3,3,2585.0,9.2,509,6,5,407960,3398640,507,0,5,-80.5,519,150.0,100.0,180.27756377319946,-2,-273.69006752597977,-12,6,0,3.808219799072917
181,2596301,407810.0,3398540.0,10,330,3,3,2585.0,9.2,509,6,5,407680,3398520,508,0,5,-91.0,519,-130.0,-20.0,131.52946437965906,-1,-68.74616226255523,-11,6,0,4.780604375954923
182,2596301,407810.0,3398540.0,10,330,3,3,2585.0,9.2,509,6,5,407930,3398590,509,0,5,-89.14,519,120.0,50.0,130.0,0,-262.61986494804046,-10,6,0,4.398705354995532
183,2596301,407810.0,3398540.0,10,330,3,3,2585.0,9.2,509,6,5,407990,3398610,507,0,13,-92.58,519,180.0,70.0,193.13207915827965,-2,-261.25050550713325,-12,6,0,3.5554249660262354
184,2596301,407810.0,3398540.0,10,330,3,3,2585.0,9.2,509,6,5,407975,3398625,507,0,5,-88.11,519,165.0,85.0,185.60711193270586,-2,-267.2553283749431,-12,6,0,3.699178138545803
185,2596301,407810.0,3398540.0,10,330,3,3,2585.0,9.2,509,6,5,408100,3398740,507,0,13,-93.25,519,290.0,200.0,352.27829907617075,-2,-274.59228868750995,-12,6,0,1.9509677640603778
186,2596301,407810.0,3398540.0,10,330,3,3,2585.0,9.2,509,6,5,408145,3398775,508,0,5,-89.67,519,335.0,235.0,409.20654931220247,-1,-275.0493733120484,-11,6,0,1.5398136555221589
187,2596301,407810.0,3398540.0,10,330,3,3,2585.0,9.2,509,6,5,407860,3398660,508,5,12,-91.5,519,50.0,120.0,130.0,-1,-307.3801350519596,-11,6,0,4.836583445735302
188,2596301,407810.0,3398540.0,10,330,3,3,2585.0,9.2,509,6,5,407995,3398605,507,0,13,-90.2,519,185.0,65.0,196.08671551127577,-2,-259.3589941756947,-12,6,0,3.5019861332213664
189,2596301,407810.0,3398540.0,10,330,3,3,2585.0,9.2,509,6,5,407685,3398515,508,0,5,-95.0,519,-125.0,-25.0,127.47548783981962,-1,-71.30993247402023,-11,6,0,4.931898795250205
190,2596301,407810.0,3398540.0,10,330,3,3,2585.0,9.2,509,6,5,407920,3398600,509,0,5,-89.58,519,110.0,60.0,125.29964086141668,0,-268.6104596659652,-10,6,0,4.563029456305065
191,2596301,407810.0,3398540.0,10,330,3,3,2585.0,9.2,509,6,5,408155,3398765,508,0,5,-89.8,519,345.0,225.0,411.8859065323794,-1,-273.11134196037204,-11,6,0,1.5298017958312649
192,2596301,407810.0,3398540.0,10,330,3,3,2585.0,9.2,509,6,5,408105,3398735,507,0,5,-88.13,519,295.0,195.0,353.62409420173844,-2,-273.4653793463553,-12,6,0,1.9435486275785385
193,2596301,407810.0,3398540.0,10,330,3,3,2585.0,9.2,509,6,5,408150,3398770,508,0,5,-94.86,519,340.0,230.0,410.48751503547584,-1,-274.07719528013075,-11,6,0,1.5350108216378364
194,2596301,407810.0,3398540.0,10,330,3,3,2585.0,9.2,509,6,5,407925,3398595,509,0,5,-92.95,519,115.0,55.0,127.47548783981962,0,-265.5599651718238,-10,6,0,4.48546483215546
195,2596301,407810.0,3398540.0,10,330,3,3,2585.0,9.2,509,6,5,407760,3398440,506,12,5,-88.5,519,-50.0,-100.0,111.80339887498948,-3,-123.434948822922,-13,6,0,6.632314779994855
196,2596301,407810.0,3398540.0,10,330,3,3,2585.0,9.2,509,6,5,407865,3398655,508,0,12,-95.44,519,55.0,115.0,127.47548783981962,-1,-304.4400348281762,-11,6,0,4.931898795250205
197,2596301,407810.0,3398540.0,10,330,3,3,2585.0,9.2,509,6,5,407980,3398620,507,0,5,-91.62,519,170.0,80.0,187.88294228055935,-2,-265.2011236454751,-12,6,0,3.654492079773599
198,2596301,407810.0,3398540.0,10,330,3,3,2585.0,9.2,509,6,5,408110,3398730,507,0,5,-94.2,519,300.0,190.0,355.10561809129405,-2,-272.347443499442,-12,6,0,1.9354461953391076
199,2596301,407810.0,3398540.0,10,330,3,3,2585.0,9.2,509,6,5,407935,3398585,509,0,5,-89.15,519,125.0,45.0,132.85330255586422,0,-259.7988763545249,-10,6,0,4.304592919229669
200,2596301,407810.0,3398540.0,10,330,3,3,2585.0,9.2,509,6,5,408140,3398780,508,0,5,-94.0,519,330.0,240.0,408.0441152620633,-1,-276.0273733851036,-11,6,0,1.5441981481266327
201,2596301,407810.0,3398540.0,10,330,3,3,2585.0,9.2,509,6,5,407950,3398570,509,6,5,-89.2,519,140.0,30.0,143.17821063276352,0,-252.0947570770121,-10,6,0,3.99522295462384
202,2596301,407810.0,3398540.0,10,330,3,3,2585.0,9.2,509,6,5,407810,3398470,506,6,13,-98.75,519,0.0,-70.0,70.0,-3,-150.0,-13,6,0,10.520784313874362
203,2596301,407810.0,3398540.0,10,330,3,3,2585.0,9.2,509,6,5,407750,3398530,510,0,6,-89.33,519,-60.0,-10.0,60.8276253029822,1,-69.46232220802563,-9,6,0,8.416369055792709
204,2596301,407810.0,3398540.0,10,330,3,3,2585.0,9.2,509,6,5,407800,3398480,506,0,13,-87.0,519,-10.0,-60.0,60.8276253029822,-3,-140.53767779197437,-13,6,0,12.063691323150113
205,2596301,407810.0,3398540.0,10,330,3,3,2585.0,9.2,509,6,5,407970,3398630,507,0,5,-90.8,519,160.0,90.0,183.5755975068582,-2,-269.3577535427913,-12,6,0,3.739999040094319
206,2596301,407810.0,3398540.0,10,330,3,3,2585.0,9.2,509,6,5,407940,3398580,509,0,5,-90.17,519,130.0,40.0,136.01470508735443,0,-257.10272896905235,-10,6,0,4.2049039747983485
207,2596301,407810.0,3398540.0,10,330,3,3,2585.0,9.2,509,6,5,407720,3398560,510,0,5,-90.5,519,-90.0,20.0,92.19544457292888,1,-47.47119229084848,-9,6,0,5.575474308033314
208,2596301,407810.0,3398540.0,10,330,3,3,2585.0,9.2,509,6,5,407985,3398615,507,0,5,-89.0,519,175.0,75.0,190.3943276465977,-2,-263.1985905136482,-12,6,0,3.6064157805674637
209,2596301,407810.0,3398540.0,10,330,3,3,2585.0,9.2,509,6,5,407945,3398575,509,0,5,-88.0,519,135.0,35.0,139.46325680981354,0,-254.5344550805401,-10,6,0,4.101287273957776
210,2596301,407810.0,3398540.0,10,330,3,3,2585.0,9.2,509,6,5,407870,3398650,509,0,12,-92.67,519,60.0,110.0,125.29964086141668,0,-301.3895403340348,-10,6,0,4.563029456305065
211,2596301,407810.0,3398540.0,10,330,3,3,2585.0,9.2,509,6,5,407815,3398465,506,6,13,-89.5,519,5.0,-75.0,75.16648189186454,-3,-153.8140748342903,-13,6,0,9.812207980876279
212,2596301,407810.0,3398540.0,10,330,3,3,2585.0,9.2,509,6,5,407700,3398500,508,0,6,-100.0,519,-110.0,-40.0,117.04699910719626,-1,-79.98310652189997,-11,6,0,5.368850628533446
213,2596301,407810.0,3398540.0,10,330,3,3,2585.0,9.2,509,6,5,408085,3398755,507,0,6,-97.0,519,275.0,215.0,349.07019351414124,-2,-278.0189425931702,-12,6,0,1.9688839510950515
214,2596301,407810.0,3398540.0,10,330,3,3,2585.0,9.2,509,6,5,407915,3398685,508,0,15,-100.5,519,105.0,145.0,179.02513789968157,-1,-294.0902769208223,-11,6,0,3.516054957473949
215,2596301,407810.0,3398540.0,10,330,3,3,2585.0,9.2,509,6,5,407875,3398645,509,0,5,-92.2,519,65.0,105.0,123.4908903522847,0,-298.2405199151872,-10,6,0,4.629574951783187
216,2596301,407810.0,3398540.0,10,330,3,3,2585.0,9.2,509,6,5,407725,3398555,510,0,15,-86.5,519,-85.0,15.0,86.31338250816034,1,-49.992020198558635,-9,6,0,5.952788037855787
217,2596301,407810.0,3398540.0,10,330,3,3,2585.0,9.2,509,6,5,407670,3398425,505,0,13,-91.0,519,-140.0,-115.0,181.1767093199344,-4,-99.40066066347944,-14,6,0,4.418614667748868
218,2596301,407810.0,3398540.0,10,330,3,3,2585.0,9.2,509,6,5,407655,3398410,505,0,6,-96.5,519,-155.0,-130.0,202.2992832414391,-4,-99.98688624496418,-14,6,0,3.9588080431128168
219,2596301,407810.0,3398540.0,10,330,3,3,2585.0,9.2,509,6,5,407825,3398575,508,0,6,-83.5,519,15.0,35.0,38.07886552931954,-1,-306.8014094863518,-11,6,0,16.11263892359911
220,2596301,407810.0,3398540.0,10,330,3,3,2585.0,9.2,509,6,5,407820,3398580,508,0,6,-84.67,519,10.0,40.0,41.23105625617661,-1,-315.96375653207355,-11,6,0,14.937970853769963
221,2596301,407810.0,3398540.0,10,330,3,3,2585.0,9.2,509,6,5,407810,3398590,508,5,5,-82.33,519,0.0,50.0,50.0,-1,-330.0,-11,6,0,12.407418527400745
222,2596301,407810.0,3398540.0,10,330,3,3,2585.0,9.2,509,6,5,407800,3398600,508,5,15,-82.8,519,-10.0,60.0,60.8276253029822,-1,20.537677791974374,-11,6,0,10.25052311134815
223,2596301,407810.0,3398540.0,10,330,3,3,2585.0,9.2,509,6,5,407780,3398620,508,5,15,-88.0,519,-30.0,80.0,85.44003745317531,-1,9.443954780416561,-11,6,0,7.33620439549738
224,2596301,407810.0,3398540.0,10,330,3,3,2585.0,9.2,509,6,5,407835,3398565,509,0,6,-89.75,519,25.0,25.0,35.35533905932738,0,-285.0,-10,6,0,15.793169048263962
225,2596301,407810.0,3398540.0,10,330,3,3,2585.0,9.2,509,6,5,407960,3398440,508,0,5,-101.5,519,150.0,-100.0,180.27756377319946,-1,-206.30993247402023,-11,6,0,3.4916888336880465
226,2596301,407810.0,3398540.0,10,330,3,3,2585.0,9.2,509,6,5,407855,3398545,509,0,5,-88.75,519,45.0,5.0,45.27692569068709,0,-246.34019174590992,-10,6,0,12.454576368475024
227,2596301,407810.0,3398540.0,10,330,3,3,2585.0,9.2,509,6,5,407910,3398490,508,96,13,-83.29,519,100.0,-50.0,111.80339887498948,-1,-213.43494882292202,-11,6,0,5.619075027796313
228,2596301,407810.0,3398540.0,10,330,3,3,2585.0,9.2,509,6,5,407755,3398645,507,5,15,-92.0,519,-55.0,105.0,118.53269591129698,-2,2.354024636261329,-12,6,0,5.780808118311091
229,2596301,407810.0,3398540.0,10,330,3,3,2585.0,9.2,509,6,5,407920,3398480,508,96,5,-94.2,519,110.0,-60.0,125.29964086141668,-1,-211.3895403340348,-11,6,0,5.017108538644788
230,2596301,407810.0,3398540.0,10,330,3,3,2585.0,9.2,509,6,5,407900,3398500,508,0,6,-87.78,519,90.0,-40.0,98.48857801796105,-1,-216.0375110254218,-11,6,0,6.372844308095522
231,2596301,407810.0,3398540.0,10,330,3,3,2585.0,9.2,509,6,5,407905,3398495,508,96,13,-90.67,519,95.0,-45.0,105.11898020814318,-1,-214.65382405805332,-11,6,0,5.973879289183663
232,2596301,407810.0,3398540.0,10,330,3,3,2585.0,9.2,509,6,5,408220,3398820,508,6,5,-107.5,519,410.0,280.0,496.4876634922564,-1,-274.33021719550334,-11,6,0,1.2692167936625671
233,2596301,407810.0,3398540.0,10,330,3,3,2585.0,9.2,509,6,5,407935,3398465,508,0,13,-93.0,519,125.0,-75.0,145.7737973711325,-1,-209.0362434679265,-11,6,0,4.315325596080143
234,2596301,407810.0,3398540.0,10,330,3,3,2585.0,9.2,509,6,5,407880,3398520,508,0,5,-82.89,519,70.0,-20.0,72.80109889280519,-1,-224.05460409907715,-11,6,0,8.592204814847051
235,2596301,407810.0,3398540.0,10,330,3,3,2585.0,9.2,509,6,5,407865,3398535,509,0,5,-82.42,519,55.0,-5.0,55.226805085936306,0,-234.8055710922652,-10,6,0,10.26342789199355
236,2596301,407810.0,3398540.0,10,330,3,3,2585.0,9.2,509,6,5,407875,3398525,508,0,6,-82.53,519,65.0,-15.0,66.70832032063167,-1,-227.00538320808352,-11,6,0,9.363638360026622
237,2596301,407810.0,3398540.0,10,330,3,3,2585.0,9.2,509,6,5,407870,3398530,509,0,6,-83.12,519,60.0,-10.0,60.8276253029822,0,-230.53767779197437,-10,6,0,9.335859032003938
238,2596301,407810.0,3398540.0,10,330,3,3,2585.0,9.2,509,6,5,407930,3398470,508,0,13,-97.5,519,120.0,-70.0,138.92443989449805,-1,-209.74356283647074,-11,6,0,4.527219237497759
239,2596301,407810.0,3398540.0,10,330,3,3,2585.0,9.2,509,6,5,407940,3398460,508,0,13,-89.0,519,130.0,-80.0,152.64337522473747,-1,-208.39249775375106,-11,6,0,4.121803279604525
240,2596301,407810.0,3398540.0,10,330,3,3,2585.0,9.2,509,6,5,407790,3398610,508,5,5,-82.32,519,-20.0,70.0,72.80109889280519,-1,14.054604099077153,-11,6,0,8.592204814847051
241,2596301,407810.0,3398540.0,10,330,3,3,2585.0,9.2,509,6,5,407850,3398550,509,0,13,-80.64,519,40.0,10.0,41.23105625617661,0,-254.03624346792645,-10,6,0,13.63302222536641
242,2596301,407810.0,3398540.0,10,330,3,3,2585.0,9.2,509,6,5,407795,3398605,508,0,15,-83.71,519,-15.0,65.0,66.70832032063167,-1,17.005383208083515,-11,6,0,9.363638360026622
243,2596301,407810.0,3398540.0,10,330,3,3,2585.0,9.2,509,6,5,407860,3398540,509,0,5,-87.0,519,50.0,0.0,50.0,0,-240.0,-10,6,0,11.309932474020213
244,2596301,407810.0,3398540.0,10,330,3,3,2585.0,9.2,509,6,5,407895,3398505,508,0,6,-88.63,519,85.0,-35.0,91.92388155425118,-1,-217.6198649480404,-11,6,0,6.823807243437738
245,2596301,407810.0,3398540.0,10,330,3,3,2585.0,9.2,509,6,5,407815,3398585,508,5,6,-86.0,519,5.0,45.0,45.27692569068709,-1,-323.6598082540901,-11,6,0,13.655408268057313
246,2596301,407810.0,3398540.0,10,330,3,3,2585.0,9.2,509,6,5,407845,3398555,509,0,13,-84.08,519,35.0,15.0,38.07886552931954,0,-263.1985905136482,-10,6,0,14.714353588433495
247,2596301,407810.0,3398540.0,10,330,3,3,2585.0,9.2,509,6,5,407785,3398615,508,5,5,-84.14,519,-25.0,75.0,79.05694150420949,-1,11.565051177077976,-11,6,0,7.921289740005819
248,2596301,407810.0,3398540.0,10,330,3,3,2585.0,9.2,509,6,5,407840,3398560,509,0,5,-79.6,519,30.0,20.0,36.05551275463989,0,-273.69006752597977,-10,6,0,15.501359566936996
249,2596301,407810.0,3398540.0,10,330,3,3,2585.0,9.2,509,6,5,407885,3398515,508,0,5,-85.75,519,75.0,-25.0,79.05694150420949,-1,-221.56505117707798,-11,6,0,7.921289740005819
250,2596301,407810.0,3398540.0,10,330,3,3,2585.0,9.2,509,6,5,407735,3398665,507,5,5,-75.5,519,-75.0,125.0,145.7737973711325,-2,-0.9637565320735462,-12,6,0,4.705938913540255
251,2596301,407810.0,3398540.0,10,330,3,3,2585.0,9.2,509,6,5,407890,3398510,508,0,5,-84.82,519,80.0,-30.0,85.44003745317531,-1,-219.44395478041656,-11,6,0,7.33620439549738
252,2596301,407810.0,3398540.0,10,330,3,3,2585.0,9.2,509,6,5,407915,3398485,508,96,13,-84.33,519,105.0,-55.0,118.53269591129698,-1,-212.35402463626133,-11,6,0,5.301943002181076
253,2596301,407810.0,3398540.0,10,330,3,3,2585.0,9.2,509,6,5,407805,3398595,508,5,15,-83.0,519,-5.0,55.0,55.226805085936306,-1,24.80557109226521,-11,6,0,11.26467496239597
254,2596301,407810.0,3398540.0,10,330,3,3,2585.0,9.2,509,6,5,407980,3398555,509,0,5,-96.33,519,170.0,15.0,170.66048165876012,0,-245.0424510691709,-10,6,0,3.3534617473720094
255,2596301,407810.0,3398540.0,10,330,3,3,2585.0,9.2,509,6,5,407700,3398595,508,0,5,-83.0,519,-110.0,55.0,122.98373876248843,-1,-33.434948822922024,-11,6,0,5.111089695288715
256,2596301,407810.0,3398540.0,10,330,3,3,2585.0,9.2,509,6,5,407995,3398550,509,6,10,-98.5,519,185.0,10.0,185.27007313648906,0,-243.09405805891708,-10,6,0,3.08955651207613
257,2596301,407810.0,3398540.0,10,330,3,3,2585.0,9.2,509,6,5,407730,3398605,509,0,15,-85.5,519,-80.0,65.0,103.07764064044152,0,-20.906141113770502,-10,6,0,5.541166443639222
258,2596301,407810.0,3398540.0,10,330,3,3,2585.0,9.2,509,6,5,407865,3398440,505,0,5,-94.67,519,55.0,-100.0,114.12712210513327,-4,-178.81079374297303,-14,6,0,6.99354636692498
259,2596301,407810.0,3398540.0,10,330,3,3,2585.0,9.2,509,6,5,407785,3398680,507,5,15,-89.5,519,-25.0,140.0,142.21462653327893,-2,19.875328344602167,-12,6,0,4.823164433021935
260,2596301,407810.0,3398540.0,10,330,3,3,2585.0,9.2,509,6,5,407680,3398575,507,0,5,-93.67,519,-130.0,35.0,134.6291201783626,-2,-44.931511840507824,-12,6,0,5.09352778654852
261,2596301,407810.0,3398540.0,10,330,3,3,2585.0,9.2,509,6,5,407790,3398665,507,0,15,-77.38,519,-20.0,125.0,126.58988901172162,-2,20.909723079177695,-12,6,0,5.415131983330869
262,2596301,407810.0,3398540.0,10,330,3,3,2585.0,9.2,509,6,5,407930,3398485,508,96,13,-91.6,519,120.0,-55.0,132.00378782444085,-1,-215.37643521383637,-11,6,0,4.763505627924038
263,2596301,407810.0,3398540.0,10,330,3,3,2585.0,9.2,509,6,5,407955,3398510,509,0,6,-93.0,519,145.0,-30.0,148.07092894960846,0,-228.3106308245608,-10,6,0,3.863615145676401
264,2596301,407810.0,3398540.0,10,330,3,3,2585.0,9.2,509,6,5,407885,3398460,506,0,5,-92.13,519,75.0,-80.0,109.65856099730654,-3,-193.1523897340054,-13,6,0,6.7608483458661555
265,2596301,407810.0,3398540.0,10,330,3,3,2585.0,9.2,509,6,5,407755,3398630,508,5,5,-87.33,519,-55.0,90.0,105.47511554864494,-1,-1.4295656148385092,-11,6,0,5.9538536985858865
266,2596301,407810.0,3398540.0,10,330,3,3,2585.0,9.2,509,6,5,407705,3398600,508,5,5,-92.14,519,-105.0,60.0,120.93386622447825,-1,-30.255118703057803,-11,6,0,5.197253975822882
267,2596301,407810.0,3398540.0,10,330,3,3,2585.0,9.2,509,6,5,407890,3398445,506,0,13,-95.0,519,80.0,-95.0,124.19742348374221,-3,-190.10090754621223,-13,6,0,5.975507560700356
268,2596301,407810.0,3398540.0,10,330,3,3,2585.0,9.2,509,6,5,407965,3398540,509,0,10,-101.67,519,155.0,0.0,155.0,0,-240.0,-10,6,0,3.6913859864512757
269,2596301,407810.0,3398540.0,10,330,3,3,2585.0,9.2,509,6,5,407920,3398495,508,0,5,-84.0,519,110.0,-45.0,118.84864324004712,-1,-217.75097634278762,-11,6,0,5.287928318796864
270,2596301,407810.0,3398540.0,10,330,3,3,2585.0,9.2,509,6,5,407775,3398650,507,5,5,-81.5,519,-35.0,110.0,115.43396380615195,-2,12.349875780069851,-12,6,0,5.934895954608181
271,2596301,407810.0,3398540.0,10,330,3,3,2585.0,9.2,509,6,5,407875,3398430,505,0,5,-99.25,519,65.0,-110.0,127.76932339180638,-4,-180.57922687248902,-14,6,0,6.253094398788286
272,2596301,407810.0,3398540.0,10,330,3,3,2585.0,9.2,509,6,5,407780,3398675,507,0,15,-85.2,519,-30.0,135.0,138.2931668593933,-2,17.471192290848478,-12,6,0,4.959258000229006
273,2596301,407810.0,3398540.0,10,330,3,3,2585.0,9.2,509,6,5,407970,3398525,509,0,5,-94.08,519,160.0,-15.0,160.70158679988197,0,-234.6441749571448,-10,6,0,3.5607611663268224
274,2596301,407810.0,3398540.0,10,330,3,3,2585.0,9.2,509,6,5,407820,3398715,506,0,15,-93.5,519,10.0,175.0,175.28548142958104,-3,-326.72951207681643,-13,6,0,4.241560490537496
275,2596301,407810.0,3398540.0,10,330,3,3,2585.0,9.2,509,6,5,407945,3398520,509,0,5,-90.7,519,135.0,-20.0,136.4734406395618,0,-231.57303097851934,-10,6,0,4.190820246084337
276,2596301,407810.0,3398540.0,10,330,3,3,2585.0,9.2,509,6,5,407975,3398530,509,0,5,-94.83,519,165.0,-10.0,165.3027525481654,0,-236.53177074108282,-10,6,0,3.4618926480618457
277,2596301,407810.0,3398540.0,10,330,3,3,2585.0,9.2,509,6,5,407935,3398490,508,96,13,-92.5,519,125.0,-50.0,134.6291201783626,-1,-218.19859051364818,-11,6,0,4.6710300830116145
278,2596301,407810.0,3398540.0,10,330,3,3,2585.0,9.2,509,6,5,407925,3398500,508,0,5,-91.09,519,115.0,-40.0,121.75795661885921,-1,-220.82099197418927,-11,6,0,5.162268273804218
279,2596301,407810.0,3398540.0,10,330,3,3,2585.0,9.2,509,6,5,407960,3398535,509,0,10,-91.5,519,150.0,-5.0,150.08331019803634,0,-238.0908475670036,-10,6,0,3.8119639118057664
280,2596301,407810.0,3398540.0,10,330,3,3,2585.0,9.2,509,6,5,407770,3398645,507,5,5,-84.5,519,-40.0,105.0,112.36102527122117,-2,9.145541960421667,-12,6,0,6.0960021361579
281,2596301,407810.0,3398540.0,10,330,3,3,2585.0,9.2,509,6,5,407880,3398455,506,0,6,-93.44,519,70.0,-85.0,110.11357772772621,-3,-189.47245984834382,-13,6,0,6.733167862649031
282,2596301,407810.0,3398540.0,10,330,3,3,2585.0,9.2,509,6,5,407905,3398480,507,96,5,-84.2,519,95.0,-60.0,112.36102527122117,-2,-207.72435568542238,-12,6,0,6.0960021361579
283,2596301,407810.0,3398540.0,10,330,3,3,2585.0,9.2,509,6,5,407940,3398515,509,0,5,-92.92,519,130.0,-25.0,132.38202294873727,0,-229.11447294534128,-10,6,0,4.3198593510923295
284,2596301,407810.0,3398540.0,10,330,3,3,2585.0,9.2,509,6,5,407950,3398505,509,0,6,-98.0,519,140.0,-35.0,144.30869689661813,0,-225.9637565320735,-10,6,0,3.9640253248382082
285,2596301,407810.0,3398540.0,10,330,3,3,2585.0,9.2,509,6,5,407915,3398470,507,0,5,-89.67,519,105.0,-70.0,126.19429464123962,-2,-206.30993247402023,-12,6,0,5.432005980875179
286,2596301,407810.0,3398540.0,10,330,3,3,2585.0,9.2,509,6,5,407985,3398560,508,0,5,-99.0,519,175.0,20.0,176.13914953808538,-1,-246.51980175165698,-11,6,0,3.573516402823797
287,2596301,407810.0,3398540.0,10,330,3,3,2585.0,9.2,509,6,5,407620,3398925,505,0,15,-98.5,519,-190.0,385.0,429.33087473416117,-4,3.7333616429168615,-14,6,0,1.8676895272783935
288,2596301,407810.0,3398540.0,10,330,3,3,2585.0,9.2,509,6,5,408005,3398660,506,0,5,-89.57,519,195.0,120.0,228.96506283710622,-3,-271.6075022462489,-13,6,0,3.2496062714934157
289,2596301,407810.0,3398540.0,10,330,3,3,2585.0,9.2,509,6,5,408000,3398655,506,0,5,-91.64,519,190.0,115.0,222.0923231451281,-3,-271.1849746587384,-13,6,0,3.3499411025628314
290,2596301,407810.0,3398540.0,10,330,3,3,2585.0,9.2,509,6,5,408035,3398670,506,0,10,-94.25,519,225.0,130.0,259.8557292037257,-3,-270.01836742760906,-13,6,0,2.8639917761958213
291,2596301,407810.0,3398540.0,10,330,3,3,2585.0,9.2,509,6,5,408050,3398685,506,0,5,-94.33,519,240.0,145.0,280.40149785619906,-3,-271.13897243697886,-13,6,0,2.654451417104202
292,2596301,407810.0,3398540.0,10,330,3,3,2585.0,9.2,509,6,5,408015,3398650,506,0,10,-94.38,519,205.0,110.0,232.64780248263682,-3,-268.2173558547293,-13,6,0,3.19827369776279
293,2596301,407810.0,3398540.0,10,330,3,3,2585.0,9.2,509,6,5,408010,3398645,506,0,10,-90.25,519,200.0,105.0,225.88713996153035,-3,-267.699472808055,-13,6,0,3.2937883484799446
294,2596301,407810.0,3398540.0,10,330,3,3,2585.0,9.2,509,6,5,408070,3398705,506,0,6,-96.42,519,260.0,165.0,307.9366818032564,-3,-272.3998401739193,-13,6,0,2.4173901812114424
295,2596301,407810.0,3398540.0,10,330,3,3,2585.0,9.2,509,6,5,408055,3398690,506,0,5,-95.25,519,245.0,150.0,287.2716484444645,-3,-271.476839349584,-13,6,0,2.5910573294582515
296,2596301,407810.0,3398540.0,10,330,3,3,2585.0,9.2,509,6,5,408045,3398700,506,0,5,-91.64,519,235.0,160.0,284.29737951659,-3,-274.24903300681194,-13,6,0,2.618126990095072
297,2596301,407810.0,3398540.0,10,330,3,3,2585.0,9.2,509,6,5,408040,3398695,506,0,5,-90.12,519,230.0,155.0,277.35356496717327,-3,-273.9765440362569,-13,6,0,2.683579676929149
298,2596301,407810.0,3398540.0,10,330,3,3,2585.0,9.2,509,6,5,408065,3398720,506,0,6,-89.2,519,255.0,180.0,312.1297807002722,-3,-275.2175929681927,-13,6,0,2.3849531225138794
299,2596301,407810.0,3398540.0,10,330,3,3,2585.0,9.2,509,6,5,408060,3398715,506,0,6,-95.09,519,250.0,175.0,305.16389039334257,-3,-274.99202019855863,-13,6,0,2.4393287479109316
300,2596301,407810.0,3398540.0,10,330,3,3,2585.0,9.2,509,6,5,408025,3398680,506,0,5,-101.14,519,215.0,140.0,256.56383221335,-3,-273.0706778227617,-13,6,0,2.9006764732098116
301,2596301,407810.0,3398540.0,10,330,3,3,2585.0,9.2,509,6,5,408030,3398665,506,0,10,-98.22,519,220.0,125.0,253.03161857759991,-3,-269.6044507460049,-13,6,0,2.9410980767665302
302,2596301,407810.0,3398540.0,10,330,3,3,2585.0,9.2,509,6,5,408020,3398675,506,0,5,-93.83,519,210.0,135.0,249.64975465639858,-3,-272.7352262721076,-13,6,0,2.9808680929449314
303,2596301,407810.0,3398540.0,10,330,3,3,2585.0,9.2,509,6,5,408075,3398710,506,0,5,-93.33,519,265.0,170.0,314.8412298286233,-3,-272.6805547433634,-13,6,0,2.364437042114925
304,2596301,407810.0,3398540.0,10,330,3,3,2585.0,9.2,509,6,5,407565,3399015,506,0,6,-107.33,519,-245.0,475.0,534.4623466625128,-3,2.7157927063769307,-13,6,0,1.3933596983195133
305,2596301,407810.0,3398540.0,10,330,3,3,2585.0,9.2,509,6,5,408055,3398715,506,5,6,-91.44,519,245.0,175.0,301.0813843464919,-3,-275.5376777919744,-13,6,0,2.4723640004146095
306,2596301,407810.0,3398540.0,10,330,3,3,2585.0,9.2,509,6,5,408050,3398720,506,5,6,-103.0,519,240.0,180.0,300.0,-3,-276.86989764584405,-13,6,0,2.4812648011958225
307,2596301,407810.0,3398540.0,10,330,3,3,2585.0,9.2,509,6,5,408075,3398695,506,0,5,-92.44,519,265.0,155.0,307.001628660175,-3,-270.32360686255,-13,6,0,2.424744195924473
308,2596301,407810.0,3398540.0,10,330,3,3,2585.0,9.2,509,6,5,408025,3398645,506,0,10,-91.87,519,215.0,105.0,239.26972228010797,-3,-266.0295921915135,-13,6,0,3.1099359460984317
309,2596301,407810.0,3398540.0,10,330,3,3,2585.0,9.2,509,6,5,408030,3398660,506,0,10,-98.0,519,220.0,120.0,250.59928172283335,-3,-268.6104596659652,-13,6,0,2.9695937620573973
310,2596301,407810.0,3398540.0,10,330,3,3,2585.0,9.2,509,6,5,408015,3398675,506,0,5,-95.56,519,205.0,135.0,245.45875417267155,-3,-273.36636600105953,-13,6,0,3.031669743704313
311,2596301,407810.0,3398540.0,10,330,3,3,2585.0,9.2,509,6,5,408020,3398650,506,0,10,-94.0,519,210.0,110.0,237.06539182259397,-3,-267.64597536373867,-13,6,0,3.138795839788196
312,2596301,407810.0,3398540.0,10,330,3,3,2585.0,9.2,509,6,5,408010,3398680,506,0,5,-93.0,519,200.0,140.0,244.13111231467406,-3,-274.99202019855863,-13,6,0,3.048125663644209
313,2596301,407810.0,3398540.0,10,330,3,3,2585.0,9.2,509,6,5,408065,3398685,506,0,6,-91.38,519,255.0,145.0,293.3428028774526,-3,-269.6237487511738,-13,6,0,2.537502475715142
314,2596301,407810.0,3398540.0,10,330,3,3,2585.0,9.2,509,6,5,408000,3398670,506,0,5,-92.5,519,190.0,130.0,230.21728866442677,-3,-274.38034472384487,-13,6,0,3.2319681917653487
315,2596301,407810.0,3398540.0,10,330,3,3,2585.0,9.2,509,6,5,408070,3398700,506,0,6,-94.4,519,260.0,160.0,305.28675044947494,-3,-271.6075022462489,-13,6,0,2.438348245911887
316,2596301,407810.0,3398540.0,10,330,3,3,2585.0,9.2,509,6,5,408060,3398690,506,0,6,-93.56,519,250.0,150.0,291.547594742265,-3,-270.9637565320735,-13,6,0,2.5531065688206027
317,2596301,407810.0,3398540.0,10,330,3,3,2585.0,9.2,509,6,5,408040,3398710,506,0,6,-88.33,519,230.0,170.0,286.0069929215018,-3,-276.46923439005184,-13,6,0,2.6024986568832493
318,2596301,407810.0,3398540.0,10,330,3,3,2585.0,9.2,509,6,5,408035,3398655,506,0,10,-90.9,519,225.0,115.0,252.68557536986555,-3,-267.07208023799274,-13,6,0,2.945118711797685
319,2596301,407810.0,3398540.0,10,330,3,3,2585.0,9.2,509,6,5,408005,3398665,506,0,5,-92.64,519,195.0,125.0,231.62469643800938,-3,-272.6609127216738,-13,6,0,3.212371223896657
320,2596301,407810.0,3398540.0,10,330,3,3,2585.0,9.2,509,6,5,408045,3398705,506,0,6,-93.61,519,235.0,165.0,287.14108030722457,-3,-275.0737544933483,-13,6,0,2.5922339223656596
321,2596301,407810.0,3398540.0,10,330,3,3,2585.0,9.2,509,6,5,407940,3398675,508,5,5,-97.5,519,130.0,135.0,187.41664813991312,-1,-286.0809241866607,-11,6,0,3.3589938007657345
322,2596301,407810.0,3398540.0,10,330,3,3,2585.0,9.2,509,6,5,407820,3398555,509,6,6,-82.33,519,10.0,15.0,18.027756377319946,0,-296.30993247402023,-10,6,0,29.017140624601524
323,2596301,407810.0,3398540.0,10,330,3,3,2585.0,9.2,509,6,5,407805,3398540,509,6,5,-79.6,519,-5.0,0.0,5.0,0,-60.0,-10,6,0,63.43494882292201
324,2596301,407810.0,3398540.0,10,330,3,3,2585.0,9.2,509,6,5,407930,3398645,508,9,6,-95.0,519,120.0,105.0,159.45218719101973,-1,-281.18592516570965,-11,6,0,3.946365482279217
325,2596301,407810.0,3398540.0,10,330,3,3,2585.0,9.2,509,6,5,407720,3398455,507,0,5,-99.6,519,-90.0,-85.0,123.79418403139947,-2,-103.36342295838327,-12,6,0,5.536672994182398
326,2596301,407810.0,3398540.0,10,330,3,3,2585.0,9.2,509,6,5,407815,3398530,508,0,13,-82.93,519,5.0,-10.0,11.180339887498949,-1,-176.56505117707798,-11,6,0,44.53416012536895
327,2596301,407810.0,3398540.0,10,330,3,3,2585.0,9.2,509,6,5,407870,3398585,509,0,6,-84.0,519,60.0,45.0,75.0,0,-276.86989764584405,-10,6,0,7.594643368591445
328,2596301,407810.0,3398540.0,10,330,3,3,2585.0,9.2,509,6,5,407850,3398565,509,0,5,-90.38,519,40.0,25.0,47.16990566028302,0,-272.0053832080835,-10,6,0,11.969463124607309
329,2596301,407810.0,3398540.0,10,330,3,3,2585.0,9.2,509,6,5,407750,3398465,507,0,5,-91.57,519,-60.0,-75.0,96.04686356149273,-2,-111.34019174590992,-12,6,0,7.121575586962839
330,2596301,407810.0,3398540.0,10,330,3,3,2585.0,9.2,509,6,5,407810,3398525,508,0,13,-83.15,519,0.0,-15.0,15.0,-1,-150.0,-11,6,0,36.25383773744479
331,2596301,407810.0,3398540.0,10,330,3,3,2585.0,9.2,509,6,5,407900,3398635,510,0,6,-91.5,519,90.0,95.0,130.86252328302402,1,-286.54815769897795,-9,6,0,3.934291404977045
332,2596301,407810.0,3398540.0,10,330,3,3,2585.0,9.2,509,6,5,407785,3398520,509,0,5,-92.92,519,-25.0,-20.0,32.01562118716424,0,-98.65980825409011,-10,6,0,17.346065292669948
333,2596301,407810.0,3398540.0,10,330,3,3,2585.0,9.2,509,6,5,407795,3398510,508,0,13,-90.42,519,-15.0,-30.0,33.54101966249684,-1,-123.434948822922,-11,6,0,18.157247236492648
334,2596301,407810.0,3398540.0,10,330,3,3,2585.0,9.2,509,6,5,407765,3398500,508,0,13,-94.5,519,-45.0,-40.0,60.207972893961475,-1,-101.63353933657018,-11,6,0,10.353749632074488
335,2596301,407810.0,3398540.0,10,330,3,3,2585.0,9.2,509,6,5,407875,3398590,509,0,5,-87.83,519,65.0,50.0,82.00609733428362,0,-277.5685920288275,-10,6,0,6.952445560310081
336,2596301,407810.0,3398540.0,10,330,3,3,2585.0,9.2,509,6,5,407780,3398515,509,0,5,-94.92,519,-30.0,-25.0,39.05124837953327,0,-99.80557109226521,-10,6,0,14.363302674070406
337,2596301,407810.0,3398540.0,10,330,3,3,2585.0,9.2,509,6,5,407740,3398475,508,0,5,-95.0,519,-70.0,-65.0,95.524865872714,-1,-102.87890360333856,-11,6,0,6.568862953914157
338,2596301,407810.0,3398540.0,10,330,3,3,2585.0,9.2,509,6,5,407725,3398460,507,0,5,-92.0,519,-85.0,-80.0,116.72617529928752,-2,-103.26429541107163,-12,6,0,5.869655242120145
339,2596301,407810.0,3398540.0,10,330,3,3,2585.0,9.2,509,6,5,407910,3398625,510,9,6,-93.6,519,100.0,85.0,131.24404748406687,1,-280.3645365730973,-9,6,0,3.9228902479475884
340,2596301,407810.0,3398540.0,10,330,3,3,2585.0,9.2,509,6,5,407895,3398610,510,21,6,-93.42,519,85.0,70.0,110.11357772772621,1,-279.4724598483438,-9,6,0,4.672614664487052
341,2596301,407810.0,3398540.0,10,330,3,3,2585.0,9.2,509,6,5,407890,3398605,509,0,6,-91.6,519,80.0,65.0,103.07764064044152,0,-279.0938588862295,-10,6,0,5.541166443639222
342,2596301,407810.0,3398540.0,10,330,3,3,2585.0,9.2,509,6,5,407950,3398665,507,0,6,-105.75,519,140.0,125.0,187.6832437912346,-2,-281.7602997038979,-12,6,0,3.6583699735071207
343,2596301,407810.0,3398540.0,10,330,3,3,2585.0,9.2,509,6,5,407955,3398670,507,0,6,-101.5,519,145.0,130.0,194.74342094150447,-2,-281.8778695378843,-12,6,0,3.5260812768647605
344,2596301,407810.0,3398540.0,10,330,3,3,2585.0,9.2,509,6,5,407860,3398595,509,21,6,-88.33,519,50.0,55.0,74.33034373659252,0,-287.7263109939063,-10,6,0,7.662255660766065
345,2596301,407810.0,3398540.0,10,330,3,3,2585.0,9.2,509,6,5,407790,3398505,508,0,5,-88.42,519,-20.0,-35.0,40.311288741492746,-1,-120.25511870305778,-11,6,0,15.263072090786531
346,2596301,407810.0,3398540.0,10,330,3,3,2585.0,9.2,509,6,5,407715,3398430,506,0,13,-93.0,519,-95.0,-110.0,145.34441853748632,-3,-109.1849161251184,-13,6,0,5.111089695288715
347,2596301,407810.0,3398540.0,10,330,3,3,2585.0,9.2,509,6,5,407920,3398655,509,0,6,-98.62,519,110.0,115.0,159.13830462839547,0,-286.2730300200567,-10,6,0,3.595648692145936
348,2596301,407810.0,3398540.0,10,330,3,3,2585.0,9.2,509,6,5,407865,3398600,509,21,6,-88.0,519,55.0,60.0,81.39410298049853,0,-287.4895529219992,-10,6,0,7.004202982116153
349,2596301,407810.0,3398540.0,10,330,3,3,2585.0,9.2,509,6,5,407745,3398480,508,0,5,-93.33,519,-65.0,-60.0,88.45903006477066,-1,-102.70938995736148,-11,6,0,7.088420415009216
350,2596301,407810.0,3398540.0,10,330,3,3,2585.0,9.2,509,6,5,407755,3398470,507,0,13,-91.71,519,-55.0,-70.0,89.02246907382428,-2,-111.84277341263095,-12,6,0,7.67704877108829
351,2596301,407810.0,3398540.0,10,330,3,3,2585.0,9.2,509,6,5,407855,3398570,509,0,5,-82.24,519,45.0,30.0,54.08326913195984,0,-273.69006752597977,-10,6,0,10.4756816963899
352,2596301,407810.0,3398540.0,10,330,3,3,2585.0,9.2,509,6,5,407840,3398575,509,0,6,-81.92,519,30.0,35.0,46.09772228646444,0,-289.3987053549955,-10,6,0,12.23955829777656
353,2596301,407810.0,3398540.0,10,330,3,3,2585.0,9.2,509,6,5,407770,3398485,507,0,13,-92.25,519,-40.0,-55.0,68.00735254367721,-2,-113.9726266148964,-12,6,0,10.006919670019558
354,2596301,407810.0,3398540.0,10,330,3,3,2585.0,9.2,509,6,5,407845,3398580,509,0,6,-82.89,519,35.0,40.0,53.150729063673246,0,-288.81407483429035,-10,6,0,10.6553060508032
355,2596301,407810.0,3398540.0,10,330,3,3,2585.0,9.2,509,6,5,407775,3398490,508,0,13,-93.4,519,-35.0,-50.0,61.032778078668514,-1,-115.00797980144134,-11,6,0,10.216794413012494
356,2596301,407810.0,3398540.0,10,330,3,3,2585.0,9.2,509,6,5,407760,3398495,508,0,13,-95.86,519,-50.0,-45.0,67.26812023536856,-1,-101.98721249581666,-11,6,0,9.287078159652085
357,2596301,407810.0,3398540.0,10,330,3,3,2585.0,9.2,509,6,5,407915,3398630,509,9,6,-85.0,519,105.0,90.0,138.2931668593933,0,-280.6012946450045,-10,6,0,4.135868099189435
358,2596301,407810.0,3398540.0,10,330,3,3,2585.0,9.2,509,6,5,407730,3398445,507,0,5,-95.67,519,-80.0,-95.0,124.19742348374221,-2,-109.89909245378777,-12,6,0,5.5188078953683695
359,2596301,407810.0,3398540.0,10,330,3,3,2585.0,9.2,509,6,5,407835,3398550,509,0,5,-81.33,519,25.0,10.0,26.92582403567252,0,-261.8014094863518,-10,6,0,20.374527188735197
360,2596301,407810.0,3398540.0,10,330,3,3,2585.0,9.2,509,6,5,407800,3398535,509,6,5,-82.33,519,-10.0,-5.0,11.180339887498949,0,-86.56505117707798,-10,6,0,41.810314895778596
361,2596301,407810.0,3398540.0,10,330,3,3,2585.0,9.2,509,6,5,407830,3398545,509,0,5,-84.25,519,20.0,5.0,20.615528128088304,0,-254.03624346792645,-10,6,0,25.87669006082751
362,2596301,407810.0,3398540.0,10,330,3,3,2585.0,9.2,509,6,5,407685,3398420,505,0,13,-92.0,519,-125.0,-120.0,173.27723451163456,-4,-103.8308606720926,-14,6,0,4.619200496719966
363,2596301,407810.0,3398540.0,10,330,3,3,2585.0,9.2,509,6,5,407905,3398640,510,0,6,-102.67,519,95.0,100.0,137.93114224133723,1,-286.4688007143858,-9,6,0,3.7332545145282965
364,2596301,407810.0,3398540.0,10,330,3,3,2585.0,9.2,509,6,5,407925,3398660,508,0,6,-100.86,519,115.0,120.0,166.20770138594662,-1,-286.2188752351313,-11,6,0,3.786441849155542
365,2596301,407810.0,3398540.0,10,330,3,3,2585.0,9.2,509,6,5,407885,3398620,509,21,6,-90.33,519,75.0,80.0,109.65856099730654,0,-286.8476102659946,-10,6,0,5.210513682296117
366,2596301,407810.0,3398540.0,10,330,3,3,2585.0,9.2,509,6,5,407935,3398650,508,9,6,-100.67,519,125.0,110.0,166.50825805346713,-1,-281.3477772196937,-11,6,0,3.779626939779925
367,2596301,407810.0,3398540.0,10,330,3,3,2585.0,9.2,509,6,5,407640,3398530,506,5,5,-91.0,519,-170.0,-10.0,170.29386365926402,-3,-63.36646066342979,-13,6,0,4.3654144239716315
368,2596301,407810.0,3398540.0,10,330,3,3,2585.0,9.2,509,6,5,407765,3398570,509,5,15,-87.0,519,-45.0,30.0,54.08326913195984,0,-26.30993247402023,-10,6,0,10.4756816963899
369,2596301,407810.0,3398540.0,10,330,3,3,2585.0,9.2,509,6,5,407830,3398635,507,0,5,-67.25,519,20.0,95.0,97.082439194738,-2,-318.11134196037204,-12,6,0,7.046377649401457
370,2596301,407810.0,3398540.0,10,330,3,3,2585.0,9.2,509,6,5,407820,3398625,507,0,5,-75.11,519,10.0,85.0,85.58621384311844,-2,-323.2901631922431,-12,6,0,7.981382611966811
371,2596301,407810.0,3398540.0,10,330,3,3,2585.0,9.2,509,6,5,407805,3398610,508,0,15,-78.75,519,-5.0,70.0,70.178344238091,-1,25.914383220025115,-11,6,0,8.908259228656227
372,2596301,407810.0,3398540.0,10,330,3,3,2585.0,9.2,509,6,5,407860,3398505,508,0,5,-88.3,519,50.0,-35.0,61.032778078668514,-1,-205.0079798014413,-11,6,0,10.216794413012494
373,2596301,407810.0,3398540.0,10,330,3,3,2585.0,9.2,509,6,5,407725,3398690,507,0,15,-79.5,519,-85.0,150.0,172.40939649566667,-2,0.4612177404418958,-12,6,0,3.981466948950688
374,2596301,407810.0,3398540.0,10,330,3,3,2585.0,9.2,509,6,5,407835,3398640,508,5,6,-70.0,519,25.0,100.0,103.07764064044152,-1,-315.96375653207355,-11,6,0,6.0913045223563165
375,2596301,407810.0,3398540.0,10,330,3,3,2585.0,9.2,509,6,5,407885,3398530,509,0,13,-83.13,519,75.0,-10.0,75.66372975210778,0,-232.40535663140855,-10,6,0,7.5287899532992935
376,2596301,407810.0,3398540.0,10,330,3,3,2585.0,9.2,509,6,5,407905,3398550,509,0,10,-89.8,519,95.0,10.0,95.524865872714,0,-246.00900595749454,-10,6,0,5.976228793989439
377,2596301,407810.0,3398540.0,10,330,3,3,2585.0,9.2,509,6,5,407915,3398560,509,0,5,-88.0,519,105.0,20.0,106.88779163215975,0,-250.7842978675626,-10,6,0,5.344809369734946
378,2596301,407810.0,3398540.0,10,330,3,3,2585.0,9.2,509,6,5,407890,3398535,509,0,13,-89.83,519,80.0,-5.0,80.15609770940699,0,-236.42366562500263,-10,6,0,7.111283133545299
379,2596301,407810.0,3398540.0,10,330,3,3,2585.0,9.2,509,6,5,407840,3398485,507,5,13,-87.71,519,30.0,-55.0,62.64982043070834,-2,-178.6104596659652,-12,6,0,10.843151267830976
380,2596301,407810.0,3398540.0,10,330,3,3,2585.0,9.2,509,6,5,407745,3398710,506,0,5,-87.04,519,-65.0,170.0,182.00274723201295,-3,9.075498255078855,-13,6,0,4.085555318656717
381,2596301,407810.0,3398540.0,10,330,3,3,2585.0,9.2,509,6,5,407755,3398720,506,0,5,-88.16,519,-55.0,180.0,188.2153022471871,-3,13.009176708013854,-13,6,0,3.951134899560937
382,2596301,407810.0,3398540.0,10,330,3,3,2585.0,9.2,509,6,5,407730,3398695,506,0,15,-86.0,519,-80.0,155.0,174.42763542512407,-3,2.7004277886671844,-13,6,0,4.262344059401164
383,2596301,407810.0,3398540.0,10,330,3,3,2585.0,9.2,509,6,5,407850,3398495,507,5,13,-93.5,519,40.0,-45.0,60.207972893961475,-2,-191.6335393365702,-12,6,0,11.271867138973722
384,2596301,407810.0,3398540.0,10,330,3,3,2585.0,9.2,509,6,5,407810,3398615,507,0,15,-81.24,519,0.0,75.0,75.0,-2,-330.0,-12,6,0,9.090276920822323
385,2596301,407810.0,3398540.0,10,330,3,3,2585.0,9.2,509,6,5,407815,3398620,507,0,15,-76.92,519,5.0,80.0,80.15609770940699,-2,-326.4236656250026,-12,6,0,8.514396346499817
386,2596301,407810.0,3398540.0,10,330,3,3,2585.0,9.2,509,6,5,407750,3398715,506,0,5,-87.0,519,-60.0,175.0,185.0,-3,11.075355583948749,-13,6,0,4.019582487837469
387,2596301,407810.0,3398540.0,10,330,3,3,2585.0,9.2,509,6,5,407900,3398545,509,0,10,-86.92,519,90.0,5.0,90.13878188659973,0,-243.17983011986422,-10,6,0,6.330509401162716
388,2596301,407810.0,3398540.0,10,330,3,3,2585.0,9.2,509,6,5,407865,3398510,508,0,6,-87.02,519,55.0,-30.0,62.64982043070834,-1,-211.3895403340348,-11,6,0,9.958437191788251
389,2596301,407810.0,3398540.0,10,330,3,3,2585.0,9.2,509,6,5,407895,3398540,509,0,10,-86.4,519,85.0,0.0,85.0,0,-240.0,-10,6,0,6.7098368077569335
390,2596301,407810.0,3398540.0,10,330,3,3,2585.0,9.2,509,6,5,407875,3398520,508,0,6,-85.62,519,65.0,-20.0,68.00735254367721,-1,-222.89727103094765,-11,6,0,9.18785958026441
391,2596301,407810.0,3398540.0,10,330,3,3,2585.0,9.2,509,6,5,407740,3398705,506,0,15,-88.11,519,-70.0,165.0,179.2344832893492,-3,7.01128319791934,-13,6,0,4.148437798431051
392,2596301,407810.0,3398540.0,10,330,3,3,2585.0,9.2,509,6,5,407800,3398605,508,0,15,-84.2,519,-10.0,65.0,65.76473218982953,-1,21.25383773744477,-11,6,0,9.495557505914315
393,2596301,407810.0,3398540.0,10,330,3,3,2585.0,9.2,509,6,5,407825,3398630,507,0,5,-70.0,519,15.0,90.0,91.2414379544733,-2,-320.5376777919744,-12,6,0,7.492492028240438
394,2596301,407810.0,3398540.0,10,330,3,3,2585.0,9.2,509,6,5,407870,3398515,508,0,6,-84.97,519,60.0,-25.0,65.0,-1,-217.38013505195954,-11,6,0,9.605204155012947
395,2596301,407810.0,3398540.0,10,330,3,3,2585.0,9.2,509,6,5,407990,3398475,510,0,5,-94.33,519,180.0,-65.0,191.3765920900464,1,-220.14478563067894,-9,6,0,2.6925046939823836
396,2596301,407810.0,3398540.0,10,330,3,3,2585.0,9.2,509,6,5,407910,3398555,509,0,5,-89.67,519,100.0,15.0,101.11874208078342,0,-248.53076560994816,-10,6,0,5.647823882177047
397,2596301,407810.0,3398540.0,10,330,3,3,2585.0,9.2,509,6,5,407995,3398480,510,0,5,-95.33,519,185.0,-60.0,194.48650338776724,1,-222.03086025984294,-9,6,0,2.649512394399144
398,2596301,407810.0,3398540.0,10,330,3,3,2585.0,9.2,509,6,5,407855,3398500,507,5,13,-91.4,519,45.0,-40.0,60.207972893961475,-2,-198.36646066342985,-12,6,0,11.271867138973722
399,2596301,407810.0,3398540.0,10,330,3,3,2585.0,9.2,509,6,5,407845,3398490,507,5,13,-91.2,519,35.0,-50.0,61.032778078668514,-2,-184.99202019855863,-12,6,0,11.123361373947342
400,2596301,407810.0,3398540.0,10,330,3,3,2585.0,9.2,509,6,5,407795,3398600,508,0,15,-82.5,519,-15.0,60.0,61.84658438426491,-1,15.963756532073546,-11,6,0,10.085134498148449
401,2596301,407810.0,3398540.0,10,330,3,3,2585.0,9.2,509,6,5,407880,3398525,508,0,5,-82.0,519,70.0,-15.0,71.58910531638176,-1,-227.9052429229879,-11,6,0,8.735444131760737
402,2596301,407810.0,3398540.0,10,330,3,3,2585.0,9.2,509,6,5,407760,3398565,510,5,15,-86.0,519,-50.0,25.0,55.90169943749474,1,-33.434948822922024,-9,6,0,9.145960365565434
403,2596301,407810.0,3398540.0,10,330,3,3,2585.0,9.2,509,6,5,407735,3398700,506,0,15,-89.67,519,-75.0,160.0,176.70597047072292,-3,4.885165113855464,-13,6,0,4.207586739520993
404,2596301,407810.0,3398540.0,10,330,3,3,2585.0,9.2,509,6,5,407790,3398595,508,0,15,-81.88,519,-20.0,55.0,58.52349955359813,-1,10.01689347810003,-11,6,0,10.6450413106791
405,2596301,407810.0,3398540.0,10,330,3,3,2585.0,9.2,509,6,5,407725,3398615,508,5,5,-85.0,519,-85.0,75.0,113.35784048754634,-1,-18.576334374997373,-11,6,0,5.542505450837302
406,2596301,407810.0,3398540.0,10,330,3,3,2585.0,9.2,509,6,5,407715,3398585,509,5,15,-86.0,519,-95.0,45.0,105.11898020814318,0,-34.65382405805332,-10,6,0,5.434211206692449
407,2596301,407810.0,3398540.0,10,330,3,3,2585.0,9.2,509,6,5,407780,3398680,507,0,15,-79.67,519,-30.0,140.0,143.17821063276352,-2,17.905242922987895,-12,6,0,4.790856308572945
408,2596301,407810.0,3398540.0,10,330,3,3,2585.0,9.2,509,6,5,407810,3398690,506,5,6,-96.5,519,0.0,150.0,150.0,-3,-330.0,-13,6,0,4.953257477842062
409,2596301,407810.0,3398540.0,10,330,3,3,2585.0,9.2,509,6,5,407685,3398575,507,0,15,-93.33,519,-125.0,35.0,129.80754985747168,-2,-44.35775354279127,-12,6,0,5.281670745198774
410,2596301,407810.0,3398540.0,10,330,3,3,2585.0,9.2,509,6,5,407955,3398505,509,96,6,-91.75,519,145.0,-35.0,149.164338901763,0,-226.4295656148385,-10,6,0,3.8353787700785853
411,2596301,407810.0,3398540.0,10,330,3,3,2585.0,9.2,509,6,5,407885,3398455,506,0,5,-89.67,519,75.0,-85.0,113.35784048754634,-3,-191.42366562500263,-13,6,0,6.542161694264569
412,2596301,407810.0,3398540.0,10,330,3,3,2585.0,9.2,509,6,5,407865,3398435,505,0,5,-95.0,519,55.0,-105.0,118.53269591129698,-4,-177.64597536373867,-14,6,0,6.73604710486641
413,2596301,407810.0,3398540.0,10,330,3,3,2585.0,9.2,509,6,5,407710,3398590,508,0,15,-91.43,519,-100.0,50.0,111.80339887498948,-1,-33.434948822922024,-11,6,0,5.619075027796313
414,2596301,407810.0,3398540.0,10,330,3,3,2585.0,9.2,509,6,5,407705,3398595,508,0,15,-91.5,519,-105.0,55.0,118.53269591129698,-1,-32.35402463626133,-11,6,0,5.301943002181076
415,2596301,407810.0,3398540.0,10,330,3,3,2585.0,9.2,509,6,5,407920,3398500,508,0,5,-96.8,519,110.0,-40.0,117.04699910719626,-1,-220.01689347810003,-11,6,0,5.368850628533446
416,2596301,407810.0,3398540.0,10,330,3,3,2585.0,9.2,509,6,5,407930,3398490,508,96,5,-90.44,519,120.0,-50.0,130.0,-1,-217.38013505195954,-11,6,0,4.836583445735302
417,2596301,407810.0,3398540.0,10,330,3,3,2585.0,9.2,509,6,5,407795,3398665,507,5,5,-76.0,519,-15.0,125.0,125.89678312014172,-2,23.157226587369053,-12,6,0,5.444765511517755
418,2596301,407810.0,3398540.0,10,330,3,3,2585.0,9.2,509,6,5,407755,3398625,508,0,15,-89.71,519,-55.0,85.0,101.24228365658294,-1,-2.9052429229878953,-11,6,0,6.20087723054507
419,2596301,407810.0,3398540.0,10,330,3,3,2585.0,9.2,509,6,5,407750,3398630,508,5,5,-89.75,519,-60.0,90.0,108.16653826391968,-1,-3.690067525979771,-11,6,0,5.80673375150021
420,2596301,407810.0,3398540.0,10,330,3,3,2585.0,9.2,509,6,5,407680,3398580,507,0,5,-91.2,519,-130.0,40.0,136.01470508735443,-2,-42.89727103094765,-12,6,0,5.041908719993159
421,2596301,407810.0,3398540.0,10,330,3,3,2585.0,9.2,509,6,5,407965,3398535,509,0,10,-96.8,519,155.0,-5.0,155.08062419270823,0,-238.1523897340054,-10,6,0,3.689472189832271
422,2596301,407810.0,3398540.0,10,330,3,3,2585.0,9.2,509,6,5,407790,3398670,507,5,15,-85.0,519,-20.0,130.0,131.52946437965906,-2,21.25383773744477,-12,6,0,5.21290934281268
423,2596301,407810.0,3398540.0,10,330,3,3,2585.0,9.2,509,6,5,407785,3398675,507,0,15,-83.56,519,-25.0,135.0,137.2953021774598,-2,19.508522987668414,-12,6,0,4.995120268354493
424,2596301,407810.0,3398540.0,10,330,3,3,2585.0,9.2,509,6,5,407880,3398460,506,0,6,-92.5,519,70.0,-80.0,106.30145812734649,-3,-191.18592516570965,-13,6,0,6.9722925319036975
425,2596301,407810.0,3398540.0,10,330,3,3,2585.0,9.2,509,6,5,407940,3398520,509,0,5,-91.77,519,130.0,-20.0,131.52946437965906,0,-231.25383773744477,-10,6,0,4.347753151335396
426,2596301,407810.0,3398540.0,10,330,3,3,2585.0,9.2,509,6,5,407775,3398645,507,5,5,-80.25,519,-35.0,105.0,110.67971810589327,-2,11.565051177077976,-12,6,0,6.187891858464985
427,2596301,407810.0,3398540.0,10,330,3,3,2585.0,9.2,509,6,5,407985,3398555,509,0,5,-97.67,519,175.0,15.0,175.64168070250295,0,-244.89909245378777,-10,6,0,3.2585654777928674
428,2596301,407810.0,3398540.0,10,330,3,3,2585.0,9.2,509,6,5,407900,3398480,507,96,5,-92.71,519,90.0,-60.0,108.16653826391968,-2,-206.30993247402023,-12,6,0,6.330509401162716
429,2596301,407810.0,3398540.0,10,330,3,3,2585.0,9.2,509,6,5,407970,3398530,509,0,5,-98.27,519,160.0,-10.0,160.31219541881399,0,-236.42366562500263,-10,6,0,3.56938776775595
430,2596301,407810.0,3398540.0,10,330,3,3,2585.0,9.2,509,6,5,407975,3398525,509,0,5,-93.67,519,165.0,-15.0,165.6804152578089,0,-234.8055710922652,-10,6,0,3.4540205115104365
431,2596301,407810.0,3398540.0,10,330,3,3,2585.0,9.2,509,6,5,407895,3398445,506,0,5,-84.0,519,85.0,-95.0,127.47548783981962,-3,-191.82016988013572,-13,6,0,5.822915528381648
432,2596301,407810.0,3398540.0,10,330,3,3,2585.0,9.2,509,6,5,407925,3398495,508,0,5,-90.6,519,115.0,-45.0,123.4908903522847,-1,-218.6293777306568,-11,6,0,5.090210002741232
433,2596301,407810.0,3398540.0,10,330,3,3,2585.0,9.2,509,6,5,407980,3398560,508,0,5,-97.55,519,170.0,20.0,171.1724276862369,-1,-246.70983680775691,-11,6,0,3.6769247360016406
434,2596301,407810.0,3398540.0,10,330,3,3,2585.0,9.2,509,6,5,407910,3398470,507,0,5,-94.0,519,100.0,-70.0,122.06555615733703,-2,-205.0079798014413,-12,6,0,5.614582911220313
435,2596301,407810.0,3398540.0,10,330,3,3,2585.0,9.2,509,6,5,407935,3398485,508,96,13,-96.0,519,125.0,-55.0,136.56500283747664,-1,-216.25050550713325,-11,6,0,4.605102538157374
436,2596301,407810.0,3398540.0,10,330,3,3,2585.0,9.2,509,6,5,407800,3398700,506,0,6,-77.0,519,-10.0,160.0,160.31219541881399,-3,26.423665625002627,-13,6,0,4.636071970356772
437,2596301,407810.0,3398540.0,10,330,3,3,2585.0,9.2,509,6,5,407960,3398540,509,0,10,-93.3,519,150.0,0.0,150.0,0,-240.0,-10,6,0,3.8140748342903543
438,2596301,407810.0,3398540.0,10,330,3,3,2585.0,9.2,509,6,5,407905,3398475,507,96,5,-98.0,519,95.0,-65.0,115.10864433221339,-2,-205.61965527615513,-12,6,0,5.951548902463333
439,2596301,407810.0,3398540.0,10,330,3,3,2585.0,9.2,509,6,5,407950,3398510,509,0,6,-96.21,519,140.0,-30.0,143.17821063276352,0,-227.9052429229879,-10,6,0,3.99522295462384
440,2596301,407810.0,3398540.0,10,330,3,3,2585.0,9.2,509,6,5,407890,3398450,506,0,13,-98.0,519,80.0,-90.0,120.41594578792295,-3,-191.6335393365702,-13,6,0,6.161737402067999
441,2596301,407810.0,3398540.0,10,330,3,3,2585.0,9.2,509,6,5,407995,3398545,509,6,10,-97.5,519,185.0,5.0,185.06755523321746,0,-241.54815769897795,-10,6,0,3.09293082775465
442,2596301,407810.0,3398540.0,10,330,3,3,2585.0,9.2,509,6,5,407945,3398515,509,0,5,-93.17,519,135.0,-25.0,137.2953021774598,0,-229.5085229876684,-10,6,0,4.165822216233385
443,2596301,407810.0,3398540.0,10,330,3,3,2585.0,9.2,509,6,5,407660,3398515,507,5,5,-96.0,519,-150.0,-25.0,152.0690632574555,-2,-69.46232220802563,-12,6,0,4.511946864480255
444,2596301,407810.0,3398540.0,10,330,3,3,2585.0,9.2,509,6,5,407630,3398545,506,5,15,-92.69,519,-180.0,5.0,180.06943105369106,-3,-58.408859728805396,-13,6,0,4.12926897098708
445,2596301,407810.0,3398540.0,10,330,3,3,2585.0,9.2,509,6,5,407470,3398380,508,0,10,-107.5,519,-340.0,-160.0,375.7658845611187,-1,-85.20112364547509,-11,6,0,1.6767717962163597
446,2596301,407810.0,3398540.0,10,330,3,3,2585.0,9.2,509,6,5,407430,3398460,512,0,5,-103.0,519,-380.0,-80.0,388.329756778952,3,-71.88865803962801,-7,6,0,1.0326971282115103
447,2596301,407810.0,3398540.0,10,330,3,3,2585.0,9.2,509,6,5,407760,3398650,507,5,15,-84.5,519,-50.0,110.0,120.83045973594572,-2,5.556045219583439,-12,6,0,5.671601372097208
448,2596301,407810.0,3398540.0,10,330,3,3,2585.0,9.2,509,6,5,407790,3398680,507,5,15,-84.0,519,-20.0,140.0,141.4213562373095,-2,21.86989764584405,-12,6,0,4.850090156191999
449,2596301,407810.0,3398540.0,10,330,3,3,2585.0,9.2,509,6,5,408180,3398750,508,0,13,-90.0,519,370.0,210.0,425.4409477236529,-1,-269.5778386812613,-11,6,0,1.4810826063524154
450,2596301,407810.0,3398540.0,10,330,3,3,2585.0,9.2,509,6,5,407755,3398635,508,5,5,-94.5,519,-55.0,95.0,109.77249200050075,-1,-0.06858282186243514,-11,6,0,5.722350109638194
451,2596301,407810.0,3398540.0,10,330,3,3,2585.0,9.2,509,6,5,407720,3398610,508,5,5,-87.67,519,-90.0,70.0,114.0175425099138,-1,-22.125016348901795,-11,6,0,5.510634651350269
452,2596301,407810.0,3398540.0,10,330,3,3,2585.0,9.2,509,6,5,407735,3398615,508,5,15,-86.0,519,-75.0,75.0,106.06601717798213,-1,-15.0,-11,6,0,5.920920632956351
453,2596301,407810.0,3398540.0,10,330,3,3,2585.0,9.2,509,6,5,407985,3398545,509,0,5,-90.75,519,175.0,5.0,175.07141400011596,0,-241.6365770416167,-10,6,0,3.269156741030331
454,2596301,407810.0,3398540.0,10,330,3,3,2585.0,9.2,509,6,5,407730,3398620,508,5,5,-89.5,519,-80.0,80.0,113.13708498984761,-1,-15.0,-11,6,0,5.553252569776342
455,2596301,407810.0,3398540.0,10,330,3,3,2585.0,9.2,509,6,5,407715,3398595,508,0,15,-92.0,519,-95.0,55.0,109.77249200050075,-1,-29.931417178137565,-11,6,0,5.722350109638194
456,2596301,407810.0,3398540.0,10,330,3,3,2585.0,9.2,509,6,5,407795,3398675,507,5,15,-84.0,519,-15.0,135.0,135.83077707206124,-2,23.65980825409008,-12,6,0,5.0487006906907475
457,2596301,407810.0,3398540.0,10,330,3,3,2585.0,9.2,509,6,5,407770,3398660,507,5,15,-88.25,519,-40.0,120.0,126.49110640673517,-2,11.565051177077976,-12,6,0,5.419335736411587
458,2596301,407810.0,3398540.0,10,330,3,3,2585.0,9.2,509,6,5,407780,3398670,507,0,15,-84.72,519,-30.0,130.0,133.41664064126334,-2,17.005383208083515,-12,6,0,5.139570543961399
459,2596301,407810.0,3398540.0,10,330,3,3,2585.0,9.2,509,6,5,407870,3398440,505,0,5,-98.5,519,60.0,-100.0,116.61903789690601,-4,-180.9637565320735,-14,6,0,6.84554157798925
460,2596301,407810.0,3398540.0,10,330,3,3,2585.0,9.2,509,6,5,407955,3398515,509,0,5,-93.91,519,145.0,-25.0,147.13938969562162,0,-230.21759296819272,-10,6,0,3.8880009012616275
461,2596301,407810.0,3398540.0,10,330,3,3,2585.0,9.2,509,6,5,407950,3398520,509,0,5,-95.4,519,140.0,-20.0,141.4213562373095,0,-231.86989764584405,-10,6,0,4.044691235386268
462,2596301,407810.0,3398540.0,10,330,3,3,2585.0,9.2,509,6,5,407945,3398505,509,0,6,-89.83,519,135.0,-35.0,139.46325680981354,0,-225.4655449194599,-10,6,0,4.101287273957776
463,2596301,407810.0,3398540.0,10,330,3,3,2585.0,9.2,509,6,5,407935,3398495,508,96,5,-85.75,519,125.0,-45.0,132.85330255586422,-1,-220.2011236454751,-11,6,0,4.733184786000173
464,2596301,407810.0,3398540.0,10,330,3,3,2585.0,9.2,509,6,5,407890,3398460,506,0,13,-93.75,519,80.0,-80.0,113.13708498984761,-3,-195.0,-13,6,0,6.554815916510016
465,2596301,407810.0,3398540.0,10,330,3,3,2585.0,9.2,509,6,5,407915,3398475,507,96,5,-89.25,519,105.0,-65.0,123.4908903522847,-2,-208.24051991518718,-12,6,0,5.5501862619043685
466,2596301,407810.0,3398540.0,10,330,3,3,2585.0,9.2,509,6,5,407910,3398480,507,96,13,-88.5,519,100.0,-60.0,116.61903789690601,-2,-209.0362434679265,-12,6,0,5.875009967692122
467,2596301,407810.0,3398540.0,10,330,3,3,2585.0,9.2,509,6,5,407785,3398665,507,0,15,-83.36,519,-25.0,125.0,127.47548783981962,-2,18.69006752597977,-12,6,0,5.377733249708988
468,2596301,407810.0,3398540.0,10,330,3,3,2585.0,9.2,509,6,5,407880,3398450,506,0,6,-93.5,519,70.0,-90.0,114.0175425099138,-3,-187.8749836510982,-13,6,0,6.504634281949115
469,2596301,407810.0,3398540.0,10,330,3,3,2585.0,9.2,509,6,5,407925,3398485,508,96,5,-95.0,519,115.0,-55.0,127.47548783981962,-1,-214.44003482817618,-11,6,0,4.931898795250205
470,2596301,407810.0,3398540.0,10,330,3,3,2585.0,9.2,509,6,5,407975,3398535,509,0,5,-95.88,519,165.0,-5.0,165.07574019219177,0,-238.2642954110716,-10,6,0,3.4666418446304337
471,2596301,407810.0,3398540.0,10,330,3,3,2585.0,9.2,509,6,5,407965,3398525,509,0,5,-94.71,519,155.0,-15.0,155.72411502397438,0,-234.47245984834382,-10,6,0,3.674268221706571
472,2596301,407810.0,3398540.0,10,330,3,3,2585.0,9.2,509,6,5,407960,3398530,509,0,5,-96.0,519,150.0,-10.0,150.33296378372907,0,-236.18592516570965,-10,6,0,3.8056521119547404
473,2596301,407810.0,3398540.0,10,330,3,3,2585.0,9.2,509,6,5,407775,3398655,507,5,15,-79.83,519,-35.0,115.0,120.20815280171308,-2,13.072486935852965,-12,6,0,5.700769845867321
474,2596301,407810.0,3398540.0,10,330,3,3,2585.0,9.2,509,6,5,407900,3398470,507,96,5,-89.2,519,90.0,-70.0,114.0175425099138,-2,-202.1250163489018,-12,6,0,6.0080881868734854
475,2596301,407810.0,3398540.0,10,330,3,3,2585.0,9.2,509,6,5,407710,3398600,508,0,5,-91.0,519,-100.0,60.0,116.61903789690601,-1,-29.03624346792651,-11,6,0,5.38843714118542
476,2596301,407810.0,3398540.0,10,330,3,3,2585.0,9.2,509,6,5,407700,3398590,508,0,15,-89.17,519,-110.0,50.0,120.83045973594572,-1,-35.55604521958344,-11,6,0,5.2016773872702
477,2596301,407810.0,3398540.0,10,330,3,3,2585.0,9.2,509,6,5,407875,3398435,505,0,6,-105.0,519,65.0,-105.0,123.4908903522847,-4,-181.75948008481282,-14,6,0,6.467931975116284
478,2596301,407810.0,3398540.0,10,330,3,3,2585.0,9.2,509,6,5,407980,3398550,509,0,5,-101.0,519,170.0,10.0,170.29386365926402,0,-243.3664606634298,-10,6,0,3.3606647348940752
479,2596301,407810.0,3398540.0,10,330,3,3,2585.0,9.2,509,6,5,407940,3398510,509,0,6,-94.15,519,130.0,-30.0,133.41664064126334,0,-227.00538320808352,-10,6,0,4.286485103811266
480,2596301,407810.0,3398540.0,10,330,3,3,2585.0,9.2,509,6,5,407990,3398560,508,96,5,-97.67,519,180.0,20.0,181.10770276274835,-1,-246.34019174590992,-11,6,0,3.4757233900576376
481,2596301,407810.0,3398540.0,10,330,3,3,2585.0,9.2,509,6,5,407905,3398465,507,0,5,-90.67,519,95.0,-75.0,121.03718436910205,-2,-201.70983680775691,-12,6,0,5.661977593079348
482,2596301,407810.0,3398540.0,10,330,3,3,2585.0,9.2,509,6,5,407920,3398490,508,96,5,-92.5,519,110.0,-50.0,120.83045973594572,-1,-215.55604521958344,-11,6,0,5.2016773872702
483,2596301,407810.0,3398540.0,10,330,3,3,2585.0,9.2,509,6,5,407970,3398540,509,0,5,-92.0,519,160.0,0.0,160.0,0,-240.0,-10,6,0,3.576334374997351
484,2596301,407810.0,3398540.0,10,330,3,3,2585.0,9.2,509,6,5,407930,3398500,508,0,5,-90.0,519,120.0,-40.0,126.49110640673517,-1,-221.56505117707798,-11,6,0,4.970088400576574
485,2596301,407810.0,3398540.0,10,330,3,3,2585.0,9.2,509,6,5,407885,3398445,506,0,5,-93.0,519,75.0,-95.0,121.03718436910205,-3,-188.29016319224309,-13,6,0,6.13035293760931
486,2596301,407810.0,3398540.0,10,330,3,3,2585.0,9.2,509,6,5,408115,3398695,507,18,5,-94.0,519,305.0,155.0,342.12570789112004,-2,-266.9395280638008,-12,6,0,2.0088160439438236
487,2596301,407810.0,3398540.0,10,330,3,3,2585.0,9.2,509,6,5,408000,3398630,506,0,10,-92.0,519,190.0,90.0,210.23796041628637,-3,-265.3461759419467,-13,6,0,3.5383619193983136
488,2596301,407810.0,3398540.0,10,330,3,3,2585.0,9.2,509,6,5,408025,3398605,506,96,13,-93.0,519,215.0,65.0,224.61077445216202,-3,-256.82140989004085,-13,6,0,3.3124639560559554
489,2596301,407810.0,3398540.0,10,330,3,3,2585.0,9.2,509,6,5,408035,3398615,506,0,13,-94.67,519,225.0,75.0,237.17082451262846,-3,-258.434948822922,-13,6,0,3.137403297428614
490,2596301,407810.0,3398540.0,10,330,3,3,2585.0,9.2,509,6,5,408010,3398640,506,0,10,-94.1,519,200.0,100.0,223.60679774997897,-3,-266.565051177078,-13,6,0,3.3273033143729522
491,2596301,407810.0,3398540.0,10,330,3,3,2585.0,9.2,509,6,5,408085,3398705,506,0,5,-93.29,519,275.0,165.0,320.7023542164915,-3,-270.9637565320735,-13,6,0,2.321272534024672
492,2596301,407810.0,3398540.0,10,330,3,3,2585.0,9.2,509,6,5,408080,3398710,506,0,5,-94.8,519,270.0,170.0,319.06112267087633,-3,-272.19573393471325,-13,6,0,2.3331998602709514
493,2596301,407810.0,3398540.0,10,330,3,3,2585.0,9.2,509,6,5,408095,3398715,507,0,5,-97.18,519,285.0,175.0,334.43983016381287,-2,-271.5513849483135,-12,6,0,2.05494220696094
494,2596301,407810.0,3398540.0,10,330,3,3,2585.0,9.2,509,6,5,408090,3398720,507,0,5,-95.0,519,280.0,180.0,332.86633954186476,-2,-272.7352262721076,-12,6,0,2.064647725673403
495,2596301,407810.0,3398540.0,10,330,3,3,2585.0,9.2,509,6,5,408015,3398635,506,0,10,-91.75,519,205.0,95.0,225.94247055390008,-3,-264.86369657175186,-13,6,0,3.29298351464637
496,2596301,407810.0,3398540.0,10,330,3,3,2585.0,9.2,509,6,5,408005,3398625,506,0,10,-89.67,519,195.0,85.0,212.72047386182646,-3,-263.55226367289464,-13,6,0,3.4971712331795155
497,2596301,407810.0,3398540.0,10,330,3,3,2585.0,9.2,509,6,5,408020,3398610,506,0,13,-92.17,519,210.0,70.0,221.35943621178654,-3,-258.434948822922,-13,6,0,3.3610068563079913
498,2596301,407810.0,3398540.0,10,330,3,3,2585.0,9.2,509,6,5,408030,3398620,506,0,13,-89.33,519,220.0,80.0,234.0939982143925,-3,-259.98310652189997,-13,6,0,3.1785559080204275
499,2596301,407810.0,3398540.0,10,330,3,3,2585.0,9.2,509,6,5,408100,3398690,506,0,13,-91.33,519,290.0,150.0,326.49655434629017,-3,-267.34987578006985,-13,6,0,2.2801217360672577
500,2596301,407810.0,3398540.0,10,330,3,3,2585.0,9.2,509,6,5,407765,3398565,509,5,15,-88.0,519,-45.0,25.0,51.478150704935004,0,-30.945395900922847,-10,6,0,10.993201498596918
501,2596301,407810.0,3398540.0,10,330,3,3,2585.0,9.2,509,6,5,407795,3398595,508,5,15,-80.67,519,-15.0,55.0,57.0087712549569,-1,14.744881296942197,-11,6,0,10.921164573050607
502,2596301,407810.0,3398540.0,10,330,3,3,2585.0,9.2,509,6,5,407830,3398640,507,5,6,-93.33,519,20.0,100.0,101.9803902718557,-2,-318.69006752597977,-12,6,0,6.711115269369334
503,2596301,407810.0,3398540.0,10,330,3,3,2585.0,9.2,509,6,5,407805,3398605,508,5,15,-77.71,519,-5.0,65.0,65.19202405202648,-1,25.601294645004486,-11,6,0,9.57743672409178
504,2596301,407810.0,3398540.0,10,330,3,3,2585.0,9.2,509,6,5,407730,3398700,506,0,5,-93.4,519,-80.0,160.0,178.88543819998318,-3,3.434948822922024,-13,6,0,4.156503976731452
505,2596301,407810.0,3398540.0,10,330,3,3,2585.0,9.2,509,6,5,407820,3398630,507,5,5,-73.0,519,10.0,90.0,90.55385138137417,-2,-323.6598082540901,-12,6,0,7.548729802148626
506,2596301,407810.0,3398540.0,10,330,3,3,2585.0,9.2,509,6,5,407960,3398450,508,0,5,-99.5,519,150.0,-90.0,174.92855684535903,-1,-209.0362434679265,-11,6,0,3.59818216645094
507,2596301,407810.0,3398540.0,10,330,3,3,2585.0,9.2,509,6,5,407895,3398535,509,0,10,-88.15,519,85.0,-5.0,85.14693182963201,0,-236.6335393365702,-10,6,0,6.698363436736243
508,2596301,407810.0,3398540.0,10,330,3,3,2585.0,9.2,509,6,5,407740,3398710,506,0,5,-87.24,519,-70.0,170.0,183.84776310850236,-3,7.6198649480404015,-13,6,0,4.044691235386268
509,2596301,407810.0,3398540.0,10,330,3,3,2585.0,9.2,509,6,5,407755,3398715,506,0,15,-86.5,519,-55.0,175.0,183.43936327844142,-3,12.552811576717772,-13,6,0,4.053666138672648
510,2596301,407810.0,3398540.0,10,330,3,3,2585.0,9.2,509,6,5,407750,3398720,506,0,5,-88.17,519,-60.0,180.0,189.73665961010275,-3,11.565051177077976,-13,6,0,3.9195528290685666
511,2596301,407810.0,3398540.0,10,330,3,3,2585.0,9.2,509,6,5,407855,3398495,507,5,13,-90.5,519,45.0,-45.0,63.63961030678928,-2,-195.0,-12,6,0,10.678414922779545
512,2596301,407810.0,3398540.0,10,330,3,3,2585.0,9.2,509,6,5,407810,3398620,507,0,5,-77.9,519,0.0,80.0,80.0,-2,-330.0,-12,6,0,8.530765609948133
513,2596301,407810.0,3398540.0,10,330,3,3,2585.0,9.2,509,6,5,407825,3398625,507,0,5,-68.43,519,15.0,85.0,86.31338250816034,-2,-319.99202019855863,-12,6,0,7.914997207501181
514,2596301,407810.0,3398540.0,10,330,3,3,2585.0,9.2,509,6,5,407865,3398505,508,0,5,-88.18,519,55.0,-35.0,65.19202405202648,-1,-207.52880770915152,-11,6,0,9.57743672409178
515,2596301,407810.0,3398540.0,10,330,3,3,2585.0,9.2,509,6,5,407870,3398520,508,0,6,-84.72,519,60.0,-20.0,63.245553203367585,-1,-221.56505117707798,-11,6,0,9.866486976624879
516,2596301,407810.0,3398540.0,10,330,3,3,2585.0,9.2,509,6,5,407880,3398530,509,0,5,-77.5,519,70.0,-10.0,70.71067811865476,0,-231.86989764584405,-10,6,0,8.049466975528397
517,2596301,407810.0,3398540.0,10,330,3,3,2585.0,9.2,509,6,5,407905,3398545,509,0,10,-89.14,519,95.0,5.0,95.13148795220224,0,-243.01278750418334,-10,6,0,6.000761129266584
518,2596301,407810.0,3398540.0,10,330,3,3,2585.0,9.2,509,6,5,407860,3398510,508,0,5,-86.52,519,50.0,-30.0,58.309518948453004,-1,-209.0362434679265,-11,6,0,10.683208254258416
519,2596301,407810.0,3398540.0,10,330,3,3,2585.0,9.2,509,6,5,407835,3398635,508,0,5,-77.14,519,25.0,95.0,98.2344135219425,-1,-315.25643716352926,-11,6,0,6.389196758687056
520,2596301,407810.0,3398540.0,10,330,3,3,2585.0,9.2,509,6,5,407815,3398615,507,0,15,-80.26,519,5.0,75.0,75.16648189186454,-2,-326.18592516570965,-12,6,0,9.07047846245621
521,2596301,407810.0,3398540.0,10,330,3,3,2585.0,9.2,509,6,5,407800,3398610,508,0,15,-74.6,519,-10.0,70.0,70.71067811865476,-1,21.86989764584405,-11,6,0,8.842258533397425
522,2596301,407810.0,3398540.0,10,330,3,3,2585.0,9.2,509,6,5,407790,3398600,508,0,15,-79.61,519,-20.0,60.0,63.245553203367585,-1,11.565051177077976,-11,6,0,9.866486976624879
523,2596301,407810.0,3398540.0,10,330,3,3,2585.0,9.2,509,6,5,407780,3398590,508,0,15,-93.0,519,-30.0,50.0,58.309518948453004,-1,-0.9637565320735462,-11,6,0,10.683208254258416
524,2596301,407810.0,3398540.0,10,330,3,3,2585.0,9.2,509,6,5,407875,3398515,508,0,6,-84.22,519,65.0,-25.0,69.6419413859206,-1,-218.96248897457815,-11,6,0,8.975760350669326
525,2596301,407810.0,3398540.0,10,330,3,3,2585.0,9.2,509,6,5,407910,3398560,509,0,5,-89.07,519,100.0,20.0,101.9803902718557,0,-251.30993247402023,-10,6,0,5.600409184816616
526,2596301,407810.0,3398540.0,10,330,3,3,2585.0,9.2,509,6,5,407900,3398550,509,0,10,-88.43,519,90.0,10.0,90.55385138137417,0,-246.34019174590992,-10,6,0,6.3017263739971945
527,2596301,407810.0,3398540.0,10,330,3,3,2585.0,9.2,509,6,5,407845,3398485,507,5,13,-92.45,519,35.0,-55.0,65.19202405202648,-2,-182.47119229084848,-12,6,0,10.42977636296751
528,2596301,407810.0,3398540.0,10,330,3,3,2585.0,9.2,509,6,5,407890,3398540,509,0,10,-87.63,519,80.0,0.0,80.0,0,-240.0,-10,6,0,7.125016348901798
529,2596301,407810.0,3398540.0,10,330,3,3,2585.0,9.2,509,6,5,407745,3398705,506,0,15,-87.34,519,-65.0,165.0,177.341478509682,-3,8.49856567595208,-13,6,0,4.192562598683991
530,2596301,407810.0,3398540.0,10,330,3,3,2585.0,9.2,509,6,5,407840,3398490,507,5,13,-85.11,519,30.0,-50.0,58.309518948453004,-2,-180.9637565320735,-12,6,0,11.62901399521606
531,2596301,407810.0,3398540.0,10,330,3,3,2585.0,9.2,509,6,5,407985,3398465,510,0,5,-97.5,519,175.0,-75.0,190.3943276465977,1,-216.80140948635182,-9,6,0,2.7063750102392277
532,2596301,407810.0,3398540.0,10,330,3,3,2585.0,9.2,509,6,5,407735,3398695,506,5,15,-86.11,519,-75.0,155.0,172.19175357722565,-3,4.179008025810731,-13,6,0,4.317481960898303
533,2596301,407810.0,3398540.0,10,330,3,3,2585.0,9.2,509,6,5,407915,3398555,509,0,5,-87.07,519,105.0,15.0,106.06601717798213,0,-248.13010235415595,-10,6,0,5.385977098599754
534,2596301,407810.0,3398540.0,10,330,3,3,2585.0,9.2,509,6,5,407885,3398525,508,0,5,-81.6,519,75.0,-15.0,76.48529270389177,-1,-228.69006752597977,-11,6,0,8.184075096297432
535,2596301,407810.0,3398540.0,10,330,3,3,2585.0,9.2,509,6,5,407850,3398500,507,5,13,-90.69,519,40.0,-40.0,56.568542494923804,-2,-195.0,-12,6,0,11.976725812374069
536,2596301,407810.0,3398540.0,10,330,3,3,2585.0,9.2,509,6,5,407725,3398685,507,5,15,-85.0,519,-85.0,145.0,168.0773631397161,-2,-0.3791260113683279,-12,6,0,4.083742604211623
537,2596301,407810.0,3398540.0,10,330,3,3,2585.0,9.2,509,6,5,407760,3398570,509,5,15,-82.67,519,-50.0,30.0,58.309518948453004,0,-29.03624346792651,-10,6,0,9.731475473157628
538,2596301,407810.0,3398540.0,10,330,3,3,2585.0,9.2,509,6,5,407770,3398435,506,12,5,-104.67,519,-40.0,-105.0,112.36102527122117,-3,-129.14554196042167,-13,6,0,6.599690946597553
539,2596301,407810.0,3398540.0,10,330,3,3,2585.0,9.2,509,6,5,407800,3398465,506,6,13,-96.67,519,-10.0,-75.0,75.66372975210778,-3,-142.40535663140858,-13,6,0,9.748965375727526
540,2596301,407810.0,3398540.0,10,330,3,3,2585.0,9.2,509,6,5,407745,3398530,510,0,6,-91.33,519,-65.0,-10.0,65.76473218982953,1,-68.74616226255523,-9,6,0,7.792604540036136
541,2596301,407810.0,3398540.0,10,330,3,3,2585.0,9.2,509,6,5,407775,3398440,506,12,2,-96.0,519,-35.0,-100.0,105.94810050208545,-3,-130.70995378081125,-13,6,0,6.995316468469937
542,2596301,407810.0,3398540.0,10,330,3,3,2585.0,9.2,509,6,5,407870,3398655,508,0,12,-89.5,519,60.0,115.0,129.71121771072848,-1,-302.4471884232822,-11,6,0,4.847300112785328
543,2596301,407810.0,3398540.0,10,330,3,3,2585.0,9.2,509,6,5,407755,3398540,510,0,6,-97.6,519,-55.0,0.0,55.0,1,-60.0,-9,6,0,9.293308599397115
544,2596301,407810.0,3398540.0,10,330,3,3,2585.0,9.2,509,6,5,407810,3398475,506,6,13,-95.2,519,0.0,-65.0,65.0,-3,-150.0,-13,6,0,11.309932474020213
545,2596301,407810.0,3398540.0,10,330,3,3,2585.0,9.2,509,6,5,408080,3398745,507,0,6,-94.0,519,270.0,205.0,339.00589965367857,-2,-277.2079219217816,-12,6,0,2.027287448837451
546,2596301,407810.0,3398540.0,10,330,3,3,2585.0,9.2,509,6,5,407705,3398490,508,0,6,-97.0,519,-105.0,-50.0,116.29703349613007,-1,-85.46334506187162,-11,6,0,5.40326852124291
547,2596301,407810.0,3398540.0,10,330,3,3,2585.0,9.2,509,6,5,408140,3398765,508,0,13,-98.0,519,330.0,225.0,399.4058086708304,-1,-274.286876977209,-11,6,0,1.5775792037949872
548,2596301,407810.0,3398540.0,10,330,3,3,2585.0,9.2,509,6,5,407875,3398660,508,0,12,-92.0,519,65.0,120.0,136.4734406395618,-1,-301.55707137563667,-11,6,0,4.608178872372693
549,2596301,407810.0,3398540.0,10,330,3,3,2585.0,9.2,509,6,5,408145,3398770,508,0,5,-96.2,519,335.0,230.0,406.3557554655772,-1,-274.47221388003646,-11,6,0,1.5506109817778047
550,2596301,407810.0,3398540.0,10,330,3,3,2585.0,9.2,509,6,5,407920,3398585,509,0,5,-88.73,519,110.0,45.0,118.84864324004712,0,-262.2490236572124,-10,6,0,4.80957444157113
551,2596301,407810.0,3398540.0,10,330,3,3,2585.0,9.2,509,6,5,407975,3398640,507,0,5,-90.86,519,165.0,100.0,192.93781381574738,-2,-271.21840276434637,-12,6,0,3.5589956576974004
552,2596301,407810.0,3398540.0,10,330,3,3,2585.0,9.2,509,6,5,407860,3398645,508,0,5,-92.0,519,50.0,105.0,116.29703349613007,-1,-304.5366549381284,-11,6,0,5.40326852124291
553,2596301,407810.0,3398540.0,10,330,3,3,2585.0,9.2,509,6,5,408095,3398760,508,0,6,-98.67,519,285.0,220.0,360.0347205478938,-1,-277.66562119858327,-11,6,0,1.749991160698692
554,2596301,407810.0,3398540.0,10,330,3,3,2585.0,9.2,509,6,5,407980,3398605,507,0,5,-85.0,519,170.0,65.0,182.00274723201295,-2,-260.92450174492114,-12,6,0,3.7722268332223177
555,2596301,407810.0,3398540.0,10,330,3,3,2585.0,9.2,509,6,5,407985,3398610,507,0,5,-91.44,519,175.0,70.0,188.48076824970764,-2,-261.8014094863518,-12,6,0,3.6429319734870984
556,2596301,407810.0,3398540.0,10,330,3,3,2585.0,9.2,509,6,5,407930,3398595,509,0,5,-88.2,519,120.0,55.0,132.00378782444085,0,-264.6235647861636,-10,6,0,4.3321901415073905
557,2596301,407810.0,3398540.0,10,330,3,3,2585.0,9.2,509,6,5,408155,3398780,508,0,13,-90.86,519,345.0,240.0,420.267771783657,-1,-274.8244891569568,-11,6,0,1.4993053335361923
558,2596301,407810.0,3398540.0,10,330,3,3,2585.0,9.2,509,6,5,408100,3398725,507,0,5,-91.14,519,290.0,185.0,343.98401125633734,-2,-272.53506715793503,-12,6,0,1.9979726448015116
559,2596301,407810.0,3398540.0,10,330,3,3,2585.0,9.2,509,6,5,408110,3398735,507,0,13,-94.83,519,300.0,195.0,357.80581325629686,-2,-273.02386755579664,-12,6,0,1.9208512602699868
560,2596301,407810.0,3398540.0,10,330,3,3,2585.0,9.2,509,6,5,407935,3398600,509,0,5,-90.47,519,125.0,60.0,138.6542462386205,0,-265.6410058243053,-10,6,0,4.1251348207322325
561,2596301,407810.0,3398540.0,10,330,3,3,2585.0,9.2,509,6,5,407990,3398615,506,0,10,-88.47,519,180.0,75.0,195.0,-3,-262.61986494804046,-13,6,0,3.8140748342903543
562,2596301,407810.0,3398540.0,10,330,3,3,2585.0,9.2,509,6,5,407970,3398635,507,0,5,-88.0,519,160.0,95.0,186.07794065928394,-2,-270.6997225508144,-12,6,0,3.6898440838307907
563,2596301,407810.0,3398540.0,10,330,3,3,2585.0,9.2,509,6,5,407680,3398505,507,0,5,-92.0,519,-130.0,-35.0,134.6291201783626,-2,-75.06848815949223,-12,6,0,5.09352778654852
564,2596301,407810.0,3398540.0,10,330,3,3,2585.0,9.2,509,6,5,408105,3398730,507,0,5,-94.25,519,295.0,190.0,350.891721190455,-2,-272.78428086586916,-12,6,0,1.9586711827039023
565,2596301,407810.0,3398540.0,10,330,3,3,2585.0,9.2,509,6,5,407925,3398590,509,0,5,-92.06,519,115.0,50.0,125.39936203984452,0,-263.4985656759521,-10,6,0,4.559416109622995
566,2596301,407810.0,3398540.0,10,330,3,3,2585.0,9.2,509,6,5,407960,3398625,507,0,13,-85.78,519,150.0,85.0,172.40939649566667,-2,-269.5387822595581,-12,6,0,3.981466948950688
567,2596301,407810.0,3398540.0,10,330,3,3,2585.0,9.2,509,6,5,407965,3398630,507,0,5,-85.7,519,155.0,90.0,179.2344832893492,-2,-270.14138555207535,-12,6,0,3.8303164915146963
568,2596301,407810.0,3398540.0,10,330,3,3,2585.0,9.2,509,6,5,408150,3398775,508,0,13,-95.22,519,340.0,235.0,413.3098111586513,-1,-274.6513159120045,-11,6,0,1.524533926494277
569,2596301,407810.0,3398540.0,10,330,3,3,2585.0,9.2,509,6,5,407955,3398580,508,0,5,-91.0,519,145.0,40.0,150.41608956491322,-1,-255.4221613187387,-11,6,0,4.182621832944088
570,2596301,407810.0,3398540.0,10,330,3,3,2585.0,9.2,509,6,5,407995,3398620,506,0,10,-87.88,519,185.0,80.0,201.55644370746373,-3,-263.38522105721376,-13,6,0,3.690355110619515
571,2596301,407810.0,3398540.0,10,330,3,3,2585.0,9.2,509,6,5,407865,3398650,508,0,5,-94.5,519,55.0,110.0,122.98373876248843,-1,-303.434948822922,-11,6,0,5.111089695288715
572,2596301,407810.0,3398540.0,10,330,3,3,2585.0,9.2,509,6,5,407940,3398565,509,6,5,-89.83,519,130.0,25.0,132.38202294873727,0,-250.88552705465872,-10,6,0,4.3198593510923295
573,2596301,407810.0,3398540.0,10,330,3,3,2585.0,9.2,509,6,5,408115,3398740,507,0,13,-98.43,519,305.0,200.0,364.72592449673766,-2,-273.25436657471204,-12,6,0,1.8844326041197295
574,2596301,407810.0,3398540.0,10,330,3,3,2585.0,9.2,509,6,5,407815,3398480,506,6,5,-94.75,519,5.0,-60.0,60.207972893961475,-3,-154.76364169072622,-13,6,0,12.184157858195867
575,2596301,407810.0,3398540.0,10,330,3,3,2585.0,9.2,509,6,5,407750,3398535,510,0,6,-86.0,519,-60.0,-5.0,60.207972893961475,1,-64.76364169072616,-9,6,0,8.501729643938765
576,2596301,407810.0,3398540.0,10,330,3,3,2585.0,9.2,509,6,5,407710,3398495,508,0,6,-95.5,519,-100.0,-45.0,109.65856099730654,-1,-84.22774531795417,-11,6,0,5.728255892432204
577,2596301,407810.0,3398540.0,10,330,3,3,2585.0,9.2,509,6,5,407685,3398510,508,0,5,-87.5,519,-125.0,-30.0,128.5496013218244,-1,-73.49573328079583,-11,6,0,4.890890381274423
578,2596301,407810.0,3398540.0,10,330,3,3,2585.0,9.2,509,6,5,407700,3398485,507,0,6,-87.0,519,-110.0,-55.0,122.98373876248843,-2,-86.56505117707798,-12,6,0,5.572929936990125
579,2596301,407810.0,3398540.0,10,330,3,3,2585.0,9.2,509,6,5,407905,3398690,508,5,5,-99.33,519,95.0,150.0,177.55280904564702,-1,-297.652556500558,-11,6,0,3.545137238534029
580,2596301,407810.0,3398540.0,10,330,3,3,2585.0,9.2,509,6,5,407805,3398470,506,6,13,-85.5,519,-5.0,-70.0,70.178344238091,-3,-145.91438322002512,-13,6,0,10.494642575335906
581,2596301,407810.0,3398540.0,10,330,3,3,2585.0,9.2,509,6,5,407950,3398575,508,0,5,-88.3,519,140.0,35.0,144.30869689661813,-1,-254.03624346792645,-11,6,0,4.358969118707916
582,2596301,407810.0,3398540.0,10,330,3,3,2585.0,9.2,509,6,5,407740,3398525,510,0,6,-93.0,519,-70.0,-15.0,71.58910531638176,1,-72.0947570770121,-9,6,0,7.165487395024589
583,2596301,407810.0,3398540.0,10,330,3,3,2585.0,9.2,509,6,5,407945,3398570,509,6,5,-89.4,519,135.0,30.0,138.2931668593933,0,-252.52880770915152,-10,6,0,4.135868099189435
584,2596301,407810.0,3398540.0,10,330,3,3,2585.0,9.2,509,6,5,407735,3398575,510,0,5,-85.0,519,-75.0,35.0,82.76472678623425,1,-34.98310652189997,-9,6,0,6.206071101574001
585,2596301,407810.0,3398540.0,10,330,3,3,2585.0,9.2,509,6,5,407920,3398530,509,0,10,-91.63,519,110.0,-10.0,110.45361017187261,0,-234.8055710922652,-10,6,0,5.1732124461169535
586,2596301,407810.0,3398540.0,10,330,3,3,2585.0,9.2,509,6,5,407995,3398515,509,6,6,-94.0,519,185.0,-25.0,186.6815470259447,0,-232.3039482779834,-10,6,0,3.066241538449391
587,2596301,407810.0,3398540.0,10,330,3,3,2585.0,9.2,509,6,5,407980,3398510,509,0,6,-94.0,519,170.0,-30.0,172.6267650163207,0,-229.99202019855863,-10,6,0,3.3153502586395787
588,2596301,407810.0,3398540.0,10,330,3,3,2585.0,9.2,509,6,5,407825,3398665,507,5,6,-93.8,519,15.0,125.0,125.89678312014172,-2,-323.15722658736905,-12,6,0,5.444765511517755
589,2596301,407810.0,3398540.0,10,330,3,3,2585.0,9.2,509,6,5,407965,3398485,509,96,5,-93.5,519,155.0,-55.0,164.46884203398528,0,-220.46334506187162,-10,6,0,3.479402555635659
590,2596301,407810.0,3398540.0,10,330,3,3,2585.0,9.2,509,6,5,407790,3398720,506,5,5,-91.25,519,-20.0,180.0,181.10770276274835,-3,23.65980825409008,-13,6,0,4.105677484870773
591,2596301,407810.0,3398540.0,10,330,3,3,2585.0,9.2,509,6,5,407960,3398490,509,96,5,-93.5,519,150.0,-50.0,158.11388300841898,0,-221.56505117707798,-10,6,0,3.6188832299832407
592,2596301,407810.0,3398540.0,10,330,3,3,2585.0,9.2,509,6,5,407785,3398705,506,5,5,-85.0,519,-25.0,165.0,166.88319268278636,-3,21.384351815835885,-13,6,0,4.454276999940164
593,2596301,407810.0,3398540.0,10,330,3,3,2585.0,9.2,509,6,5,407915,3398435,506,0,13,-97.0,519,105.0,-105.0,148.49242404917499,-3,-195.0,-13,6,0,5.003291659968563
594,2596301,407810.0,3398540.0,10,330,3,3,2585.0,9.2,509,6,5,407800,3398650,507,0,15,-75.93,519,-10.0,110.0,110.45361017187261,-2,24.80557109226521,-12,6,0,6.2004604317364675
595,2596301,407810.0,3398540.0,10,330,3,3,2585.0,9.2,509,6,5,407730,3398580,510,0,5,-77.0,519,-80.0,40.0,89.44271909999159,1,-33.434948822922024,-9,6,0,5.745936151128176
596,2596301,407810.0,3398540.0,10,330,3,3,2585.0,9.2,509,6,5,407955,3398555,509,6,10,-90.75,519,145.0,15.0,145.7737973711325,0,-245.9061411137705,-10,6,0,3.9243099740178784
597,2596301,407810.0,3398540.0,10,330,3,3,2585.0,9.2,509,6,5,407950,3398560,509,6,10,-96.17,519,140.0,20.0,141.4213562373095,0,-248.13010235415595,-10,6,0,4.044691235386268
598,2596301,407810.0,3398540.0,10,330,3,3,2585.0,9.2,509,6,5,407890,3398420,505,5,13,-103.5,519,80.0,-120.0,144.22205101855957,-4,-183.69006752597977,-14,6,0,5.544474733907005
599,2596301,407810.0,3398540.0,10,330,3,3,2585.0,9.2,509,6,5,408190,3398800,508,0,13,-100.0,519,380.0,260.0,460.43457732885355,-1,-274.38034472384487,-11,6,0,1.3685629619992143
600,2596301,407810.0,3398540.0,10,330,3,3,2585.0,9.2,509,6,5,407970,3398500,509,0,5,-92.29,519,160.0,-40.0,164.92422502470643,0,-225.9637565320735,-10,6,0,3.469818855890064
601,2596301,407810.0,3398540.0,10,330,3,3,2585.0,9.2,509,6,5,407940,3398550,509,0,10,-86.11,519,130.0,10.0,130.38404810405297,0,-244.3987053549955,-10,6,0,4.385799530775009
602,2596301,407810.0,3398540.0,10,330,3,3,2585.0,9.2,509,6,5,408160,3398770,508,0,5,-94.52,519,350.0,230.0,418.80783182743846,-1,-273.3106308245608,-11,6,0,1.5045294274252239
603,2596301,407810.0,3398540.0,10,330,3,3,2585.0,9.2,509,6,5,407820,3398670,507,0,6,-93.71,519,10.0,130.0,130.38404810405297,-2,-325.6012946450045,-12,6,0,5.2584488321218466
604,2596301,407810.0,3398540.0,10,330,3,3,2585.0,9.2,509,6,5,407780,3398710,506,5,5,-85.0,519,-30.0,170.0,172.6267650163207,-3,19.992020198558635,-13,6,0,4.30664309105211
605,2596301,407810.0,3398540.0,10,330,3,3,2585.0,9.2,509,6,5,407775,3398695,506,5,5,-84.68,519,-35.0,155.0,158.90248582070703,-3,17.27564431457762,-13,6,0,4.677019398304785
606,2596301,407810.0,3398540.0,10,330,3,3,2585.0,9.2,509,6,5,407770,3398700,506,5,15,-84.6,519,-40.0,160.0,164.92422502470643,-3,15.963756532073546,-13,6,0,4.506968132255372
607,2596301,407810.0,3398540.0,10,330,3,3,2585.0,9.2,509,6,5,407760,3398690,506,0,15,-84.53,519,-50.0,150.0,158.11388300841898,-3,11.565051177077976,-13,6,0,4.700242065972605
608,2596301,407810.0,3398540.0,10,330,3,3,2585.0,9.2,509,6,5,407815,3398655,507,5,5,-94.17,519,5.0,115.0,115.10864433221339,-2,-327.5104470780008,-12,6,0,5.951548902463333
609,2596301,407810.0,3398540.0,10,330,3,3,2585.0,9.2,509,6,5,407765,3398685,507,0,5,-84.09,519,-45.0,145.0,151.82226450688975,-2,12.75854060106002,-12,6,0,4.519251022329976
610,2596301,407810.0,3398540.0,10,330,3,3,2585.0,9.2,509,6,5,407875,3398475,506,0,6,-93.35,519,65.0,-65.0,91.92388155425118,-3,-195.0,-13,6,0,8.049466975528397
611,2596301,407810.0,3398540.0,10,330,3,3,2585.0,9.2,509,6,5,407870,3398480,507,0,5,-93.86,519,60.0,-60.0,84.8528137423857,-2,-195.0,-12,6,0,8.049466975528397
612,2596301,407810.0,3398540.0,10,330,3,3,2585.0,9.2,509,6,5,407925,3398525,509,0,5,-93.08,519,115.0,-15.0,115.97413504743201,0,-232.56859202882748,-10,6,0,4.92820339755372
613,2596301,407810.0,3398540.0,10,330,3,3,2585.0,9.2,509,6,5,408180,3398790,508,0,13,-101.4,519,370.0,250.0,446.5422712353221,-1,-274.04593735660166,-11,6,0,1.4111231523682553
614,2596301,407810.0,3398540.0,10,330,3,3,2585.0,9.2,509,6,5,407810,3398660,507,0,5,-92.23,519,0.0,120.0,120.0,-2,-330.0,-12,6,0,5.710593137499642
615,2596301,407810.0,3398540.0,10,330,3,3,2585.0,9.2,509,6,5,407865,3398465,506,0,5,-90.0,519,55.0,-75.0,93.00537618869137,-3,-186.25383773744477,-13,6,0,7.957071132911254
616,2596301,407810.0,3398540.0,10,330,3,3,2585.0,9.2,509,6,5,408185,3398785,508,0,13,-102.0,519,375.0,245.0,447.9397280885008,-1,-273.15792388467224,-11,6,0,1.4067225824228173
617,2596301,407810.0,3398540.0,10,330,3,3,2585.0,9.2,509,6,5,408170,3398780,508,0,13,-90.2,519,360.0,240.0,432.6661530556787,-1,-273.69006752597977,-11,6,0,1.4563603624149013
618,2596301,407810.0,3398540.0,10,330,3,3,2585.0,9.2,509,6,5,407745,3398585,509,5,6,-75.33,519,-65.0,45.0,79.05694150420949,0,-25.304846468766016,-10,6,0,7.209120586689089
619,2596301,407810.0,3398540.0,10,330,3,3,2585.0,9.2,509,6,5,407830,3398680,507,0,5,-95.5,519,20.0,140.0,141.4213562373095,-2,-321.86989764584405,-12,6,0,4.850090156191999
620,2596301,407810.0,3398540.0,10,330,3,3,2585.0,9.2,509,6,5,407935,3398535,509,0,10,-94.63,519,125.0,-5.0,125.09996003196804,0,-237.70938995736145,-10,6,0,4.570281997144873
621,2596301,407810.0,3398540.0,10,330,3,3,2585.0,9.2,509,6,5,407855,3398455,506,0,13,-93.75,519,45.0,-85.0,96.17692030835673,-3,-177.89727103094765,-13,6,0,7.697876411015157
622,2596301,407810.0,3398540.0,10,330,3,3,2585.0,9.2,509,6,5,407725,3398565,510,0,5,-85.0,519,-85.0,25.0,88.60022573334675,1,-43.61045966596521,-9,6,0,5.800203070548211
623,2596301,407810.0,3398540.0,10,330,3,3,2585.0,9.2,509,6,5,407975,3398495,509,0,13,-95.0,519,165.0,-45.0,171.0263137648707,0,-224.7448812969422,-10,6,0,3.346304877214836
624,2596301,407810.0,3398540.0,10,330,3,3,2585.0,9.2,509,6,5,407850,3398460,506,0,13,-101.0,519,40.0,-80.0,89.44271909999159,-3,-176.56505117707798,-13,6,0,8.2697136534893
625,2596301,407810.0,3398540.0,10,330,3,3,2585.0,9.2,509,6,5,407805,3398645,507,0,15,-83.6,519,-5.0,105.0,105.11898020814318,-2,27.27368900609372,-12,6,0,6.5124856655678185
626,2596301,407810.0,3398540.0,10,330,3,3,2585.0,9.2,509,6,5,407985,3398505,509,0,5,-96.43,519,175.0,-35.0,178.46568297574746,0,-228.69006752597977,-10,6,0,3.2071111421864167
627,2596301,407810.0,3398540.0,10,330,3,3,2585.0,9.2,509,6,5,407860,3398470,506,0,13,-93.55,519,50.0,-70.0,86.02325267042627,-3,-185.53767779197437,-13,6,0,8.593622598673132
628,2596301,407810.0,3398540.0,10,330,3,3,2585.0,9.2,509,6,5,407990,3398520,509,6,5,-90.33,519,180.0,-20.0,181.10770276274835,0,-233.65980825409008,-10,6,0,3.160420981763729
629,2596301,407810.0,3398540.0,10,330,3,3,2585.0,9.2,509,6,5,408165,3398765,508,0,5,-95.5,519,355.0,225.0,420.2975136733502,-1,-272.366638064725,-11,6,0,1.4991992852706626
630,2596301,407810.0,3398540.0,10,330,3,3,2585.0,9.2,509,6,5,407945,3398545,509,6,10,-92.0,519,135.0,5.0,135.09256086106296,0,-242.12109639666147,-10,6,0,4.233502721119429
631,2596301,407810.0,3398540.0,10,330,3,3,2585.0,9.2,509,6,5,408175,3398775,508,0,5,-95.6,519,365.0,235.0,434.1082814229648,-1,-272.77487732426425,-11,6,0,1.451524337252128
632,2596301,407810.0,3398540.0,10,330,3,3,2585.0,9.2,509,6,5,407930,3398540,509,0,10,-91.42,519,120.0,0.0,120.0,0,-240.0,-10,6,0,4.763641690726178
633,2596301,407810.0,3398540.0,10,330,3,3,2585.0,9.2,509,6,5,407700,3398630,506,0,15,-87.33,519,-110.0,90.0,142.12670403551894,-3,-20.710593137499643,-13,6,0,5.226169815163522
634,2596301,407810.0,3398540.0,10,330,3,3,2585.0,9.2,509,6,5,407795,3398715,506,5,5,-98.33,519,-15.0,175.0,175.64168070250295,-3,25.100907546212227,-13,6,0,4.232989953274567
635,2596301,407810.0,3398540.0,10,330,3,3,2585.0,9.2,509,6,5,407845,3398645,508,0,5,-78.5,519,35.0,105.0,110.67971810589327,-1,-311.565051177078,-11,6,0,5.675752314328851
636,2596301,407810.0,3398540.0,10,330,3,3,2585.0,9.2,509,6,5,407745,3398545,510,5,5,-100.5,519,-65.0,5.0,65.19202405202648,1,-55.60129464500449,-9,6,0,7.860210075750999
637,2596301,407810.0,3398540.0,10,330,3,3,2585.0,9.2,509,6,5,407810,3398460,505,6,13,-98.67,519,0.0,-80.0,80.0,-4,-150.0,-14,6,0,9.926245506651705
638,2596301,407810.0,3398540.0,10,330,3,3,2585.0,9.2,509,6,5,407895,3398695,508,5,5,-102.5,519,85.0,155.0,176.7766952966369,-1,-301.26020470831196,-11,6,0,3.56066172012722
639,2596301,407810.0,3398540.0,10,330,3,3,2585.0,9.2,509,6,5,407940,3398590,509,0,5,-90.63,519,130.0,50.0,139.2838827718412,0,-261.0375110254218,-10,6,0,4.106550978833124
640,2596301,407810.0,3398540.0,10,330,3,3,2585.0,9.2,509,6,5,407985,3398625,506,0,10,-91.38,519,175.0,85.0,194.5507645834372,-3,-265.90650799951436,-13,6,0,3.822855795473696
641,2596301,407810.0,3398540.0,10,330,3,3,2585.0,9.2,509,6,5,408120,3398770,508,0,5,-94.0,519,310.0,230.0,386.00518131237567,-1,-276.57303097851934,-11,6,0,1.6323176026472253
642,2596301,407810.0,3398540.0,10,330,3,3,2585.0,9.2,509,6,5,407945,3398585,508,0,5,-89.2,519,135.0,45.0,142.30249470757707,-1,-258.434948822922,-11,6,0,4.420180668608431
643,2596301,407810.0,3398540.0,10,330,3,3,2585.0,9.2,509,6,5,408125,3398765,508,0,13,-95.5,519,315.0,225.0,387.1046370169182,-1,-275.5376777919744,-11,6,0,1.6276839869904787
644,2596301,407810.0,3398540.0,10,330,3,3,2585.0,9.2,509,6,5,408095,3398735,507,0,5,-92.2,519,285.0,195.0,345.3259329966401,-2,-274.38034472384487,-12,6,0,1.9902148648595896
645,2596301,407810.0,3398540.0,10,330,3,3,2585.0,9.2,509,6,5,408080,3398730,507,0,5,-93.25,519,270.0,190.0,330.15148038438355,-2,-275.13419305691565,-12,6,0,2.081610596142475
646,2596301,407810.0,3398540.0,10,330,3,3,2585.0,9.2,509,6,5,407855,3398655,508,5,5,-88.33,519,45.0,115.0,123.4908903522847,-1,-308.6293777306568,-11,6,0,5.090210002741232
647,2596301,407810.0,3398540.0,10,330,3,3,2585.0,9.2,509,6,5,407960,3398610,508,0,13,-95.5,519,150.0,70.0,165.5294535724685,-1,-265.01689347810003,-11,6,0,3.8019111764811777
648,2596301,407810.0,3398540.0,10,330,3,3,2585.0,9.2,509,6,5,407815,3398455,505,0,13,-92.0,519,5.0,-85.0,85.14693182963201,-4,-153.36646066342985,-14,6,0,9.337123973287209
649,2596301,407810.0,3398540.0,10,330,3,3,2585.0,9.2,509,6,5,408100,3398750,507,0,5,-96.5,519,290.0,210.0,358.05027579936313,-2,-275.9097230791777,-12,6,0,1.9195407605859123
650,2596301,407810.0,3398540.0,10,330,3,3,2585.0,9.2,509,6,5,407860,3398670,508,5,5,-101.33,519,50.0,130.0,139.2838827718412,-1,-308.9624889745782,-11,6,0,4.515584452082815
651,2596301,407810.0,3398540.0,10,330,3,3,2585.0,9.2,509,6,5,407970,3398620,507,0,5,-88.43,519,160.0,80.0,178.88543819998318,-2,-266.565051177078,-12,6,0,3.8377679742380146
652,2596301,407810.0,3398540.0,10,330,3,3,2585.0,9.2,509,6,5,407995,3398635,506,0,10,-91.33,519,185.0,95.0,207.9663434308542,-3,-267.1811110854772,-13,6,0,3.5769116543247215
653,2596301,407810.0,3398540.0,10,330,3,3,2585.0,9.2,509,6,5,408135,3398775,508,0,5,-90.5,519,325.0,235.0,401.06109260310956,-1,-275.86982351772133,-11,6,0,1.5710713921289123
654,2596301,407810.0,3398540.0,10,330,3,3,2585.0,9.2,509,6,5,408105,3398745,507,0,13,-89.67,519,295.0,205.0,359.23529893372114,-2,-274.7960262782683,-12,6,0,1.9132134121553064
655,2596301,407810.0,3398540.0,10,330,3,3,2585.0,9.2,509,6,5,407930,3398580,509,0,5,-89.09,519,120.0,40.0,126.49110640673517,0,-258.434948822922,-10,6,0,4.520227592644634
656,2596301,407810.0,3398540.0,10,330,3,3,2585.0,9.2,509,6,5,407950,3398600,508,0,5,-92.5,519,140.0,60.0,152.31546211727817,-1,-263.1985905136482,-11,6,0,4.130646242333398
657,2596301,407810.0,3398540.0,10,330,3,3,2585.0,9.2,509,6,5,408085,3398725,507,0,5,-89.57,519,275.0,185.0,331.436268383531,-2,-273.92979742206063,-12,6,0,2.073548445285674
658,2596301,407810.0,3398540.0,10,330,3,3,2585.0,9.2,509,6,5,407990,3398640,506,0,5,-88.15,519,180.0,100.0,205.91260281974002,-3,-269.05460409907715,-13,6,0,3.6124932131982024
659,2596301,407810.0,3398540.0,10,330,3,3,2585.0,9.2,509,6,5,407965,3398605,508,0,13,-90.7,519,155.0,65.0,168.0773631397161,-1,-262.7509763427876,-11,6,0,3.7444426617595488
660,2596301,407810.0,3398540.0,10,330,3,3,2585.0,9.2,509,6,5,408115,3398755,508,0,13,-92.67,519,305.0,215.0,373.1621631409058,-1,-275.1806993612421,-11,6,0,1.6884646434989732
661,2596301,407810.0,3398540.0,10,330,3,3,2585.0,9.2,509,6,5,407980,3398630,506,0,10,-87.47,519,170.0,90.0,192.35384061671346,-3,-267.89727103094765,-13,6,0,3.866385956122411
662,2596301,407810.0,3398540.0,10,330,3,3,2585.0,9.2,509,6,5,407920,3398570,509,0,5,-89.58,519,110.0,30.0,114.0175425099138,0,-255.25511870305775,-10,6,0,5.012346376969023
663,2596301,407810.0,3398540.0,10,330,3,3,2585.0,9.2,509,6,5,407925,3398565,509,0,5,-90.25,519,115.0,25.0,117.6860229593982,0,-252.26477372789242,-10,6,0,4.856862048337653
664,2596301,407810.0,3398540.0,10,330,3,3,2585.0,9.2,509,6,5,407935,3398575,509,0,5,-87.13,519,125.0,35.0,129.80754985747168,0,-255.64224645720873,-10,6,0,4.4052011387454915
665,2596301,407810.0,3398540.0,10,330,3,3,2585.0,9.2,509,6,5,407695,3398495,508,0,6,-94.5,519,-115.0,-45.0,123.4908903522847,-1,-81.37062226934319,-11,6,0,5.090210002741232
666,2596301,407810.0,3398540.0,10,330,3,3,2585.0,9.2,509,6,5,407955,3398595,508,0,5,-89.56,519,145.0,55.0,155.08062419270823,-1,-260.77225468204585,-11,6,0,4.057243018462745
667,2596301,407810.0,3398540.0,10,330,3,3,2585.0,9.2,509,6,5,407750,3398560,510,0,15,-90.45,519,-60.0,20.0,63.245553203367585,1,-41.565051177077976,-9,6,0,8.09895652060337
668,2596301,407810.0,3398540.0,10,330,3,3,2585.0,9.2,509,6,5,407740,3398550,510,5,15,-101.5,519,-70.0,10.0,70.71067811865476,1,-51.86989764584405,-9,6,0,7.253560723066105
669,2596301,407810.0,3398540.0,10,330,3,3,2585.0,9.2,509,6,5,407690,3398500,508,0,6,-96.83,519,-120.0,-40.0,126.49110640673517,-1,-78.43494882292202,-11,6,0,4.970088400576574
670,2596301,407810.0,3398540.0,10,330,3,3,2585.0,9.2,509,6,5,407755,3398555,510,0,5,-89.93,519,-55.0,15.0,57.0087712549569,1,-44.74488129694225,-9,6,0,8.971268559630829
671,2596301,407810.0,3398540.0,10,330,3,3,2585.0,9.2,509,6,5,407975,3398615,507,0,5,-91.14,519,165.0,75.0,181.24568960391858,-2,-264.44395478041656,-12,6,0,3.7879375306672154
672,2596301,407810.0,3398540.0,10,330,3,3,2585.0,9.2,509,6,5,407830,3398480,506,0,13,-87.5,519,20.0,-60.0,63.245553203367585,-3,-168.43494882292202,-13,6,0,11.615257406103602
673,2596301,407810.0,3398540.0,10,330,3,3,2585.0,9.2,509,6,5,407835,3398475,506,0,13,-92.0,519,25.0,-65.0,69.6419413859206,-3,-171.03751102542185,-13,6,0,10.573659319822264
674,2596301,407810.0,3398540.0,10,330,3,3,2585.0,9.2,509,6,5,407865,3398665,508,0,5,-88.0,519,55.0,125.0,136.56500283747664,-1,-306.25050550713325,-11,6,0,4.605102538157374
675,2596301,407810.0,3398540.0,10,330,3,3,2585.0,9.2,509,6,5,407820,3398470,506,6,5,-93.5,519,10.0,-70.0,70.71067811865476,-3,-158.13010235415595,-13,6,0,10.417371405393052
676,2596301,407810.0,3398540.0,10,330,3,3,2585.0,9.2,509,6,5,407790,3398440,505,0,13,-104.0,519,-20.0,-100.0,101.9803902718557,-4,-138.6900675259798,-14,6,0,7.816777766952081
677,2596301,407810.0,3398540.0,10,330,3,3,2585.0,9.2,509,6,5,407645,3398865,505,5,15,-103.0,519,-165.0,325.0,364.4859393721519,-4,3.0834453830486837,-14,6,0,2.1996645038187927
678,2596301,407810.0,3398540.0,10,330,3,3,2585.0,9.2,509,6,5,407750,3398675,507,5,5,-83.5,519,-60.0,135.0,147.73286702694156,-2,6.037511025421793,-12,6,0,4.643808720746463
679,2596301,407810.0,3398540.0,10,330,3,3,2585.0,9.2,509,6,5,407755,3398680,507,5,5,-87.25,519,-55.0,140.0,150.41608956491322,-2,8.55226367289464,-12,6,0,4.561322083556315
680,2596301,407810.0,3398540.0,10,330,3,3,2585.0,9.2,509,6,5,407885,3398490,507,6,5,-88.33,519,75.0,-50.0,90.13878188659973,-2,-206.30993247402023,-12,6,0,7.583086473236082
681,2596301,407810.0,3398540.0,10,330,3,3,2585.0,9.2,509,6,5,407880,3398485,507,0,5,-90.66,519,70.0,-55.0,89.02246907382428,-2,-201.84277341263095,-12,6,0,7.67704877108829
682,2596301,407810.0,3398540.0,10,330,3,3,2585.0,9.2,509,6,5,407850,3398535,509,0,5,-83.88,519,40.0,-5.0,40.311288741492746,0,-232.8749836510982,-10,6,0,13.932091549258061
683,2596301,407810.0,3398540.0,10,330,3,3,2585.0,9.2,509,6,5,407830,3398595,508,0,6,-81.06,519,20.0,55.0,58.52349955359813,-1,-310.01689347810003,-11,6,0,10.6450413106791
684,2596301,407810.0,3398540.0,10,330,3,3,2585.0,9.2,509,6,5,407900,3398505,508,0,6,-92.62,519,90.0,-35.0,96.56603957913983,-1,-218.74949449286675,-11,6,0,6.4986466923580455
685,2596301,407810.0,3398540.0,10,330,3,3,2585.0,9.2,509,6,5,407845,3398530,509,0,5,-84.63,519,35.0,-10.0,36.40054944640259,0,-224.05460409907715,-10,6,0,15.36139538973087
686,2596301,407810.0,3398540.0,10,330,3,3,2585.0,9.2,509,6,5,407875,3398560,509,0,5,-88.72,519,65.0,20.0,68.00735254367721,0,-257.10272896905235,-10,6,0,8.364994453540968
687,2596301,407810.0,3398540.0,10,330,3,3,2585.0,9.2,509,6,5,407855,3398540,509,0,5,-82.4,519,45.0,0.0,45.0,0,-240.0,-10,6,0,12.528807709151511
688,2596301,407810.0,3398540.0,10,330,3,3,2585.0,9.2,509,6,5,407795,3398640,507,0,15,-77.43,519,-15.0,100.0,101.11874208078342,-2,21.469234390051838,-12,6,0,6.7677734720918235
689,2596301,407810.0,3398540.0,10,330,3,3,2585.0,9.2,509,6,5,407865,3398550,509,0,6,-84.71,519,55.0,10.0,55.90169943749474,0,-250.30484646876602,-10,6,0,10.142106156573984
690,2596301,407810.0,3398540.0,10,330,3,3,2585.0,9.2,509,6,5,407825,3398590,508,0,6,-80.0,519,15.0,50.0,52.20153254455275,-1,-313.3007557660064,-11,6,0,11.89938174128592
691,2596301,407810.0,3398540.0,10,330,3,3,2585.0,9.2,509,6,5,407955,3398480,509,96,5,-99.33,519,145.0,-60.0,156.92354826475216,0,-217.5205656028969,-10,6,0,3.6462602862211506
692,2596301,407810.0,3398540.0,10,330,3,3,2585.0,9.2,509,6,5,407870,3398555,509,0,6,-87.29,519,60.0,15.0,61.84658438426491,0,-254.03624346792645,-10,6,0,9.184688113554719
693,2596301,407810.0,3398540.0,10,330,3,3,2585.0,9.2,509,6,5,407895,3398500,508,0,6,-90.47,519,85.0,-40.0,93.94147114027967,-1,-214.7988763545249,-11,6,0,6.6785899240715185
694,2596301,407810.0,3398540.0,10,330,3,3,2585.0,9.2,509,6,5,407840,3398525,508,0,5,-84.89,519,30.0,-15.0,33.54101966249684,-1,-213.43494882292202,-11,6,0,18.157247236492648
695,2596301,407810.0,3398540.0,10,330,3,3,2585.0,9.2,509,6,5,407860,3398545,509,0,5,-90.55,519,50.0,5.0,50.24937810560445,0,-245.71059313749964,-10,6,0,11.255239732662096
696,2596301,407810.0,3398540.0,10,330,3,3,2585.0,9.2,509,6,5,407790,3398635,507,0,15,-75.5,519,-20.0,95.0,97.082439194738,-2,18.111341960372044,-12,6,0,7.046377649401457
697,2596301,407810.0,3398540.0,10,330,3,3,2585.0,9.2,509,6,5,407905,3398510,508,0,6,-90.29,519,95.0,-30.0,99.62429422585637,-1,-222.47443162627712,-11,6,0,6.300781561079082
698,2596301,407810.0,3398540.0,10,330,3,3,2585.0,9.2,509,6,5,407915,3398520,508,0,5,-92.7,519,105.0,-20.0,106.88779163215975,-1,-229.2157021324374,-11,6,0,5.875719128184006
699,2596301,407810.0,3398540.0,10,330,3,3,2585.0,9.2,509,6,5,407950,3398475,508,96,5,-92.33,519,140.0,-65.0,154.35349040433132,-1,-215.09523119190482,-11,6,0,4.076291740878448
700,2596301,407810.0,3398540.0,10,330,3,3,2585.0,9.2,509,6,5,407910,3398515,508,0,5,-93.71,519,100.0,-25.0,103.07764064044152,-1,-225.9637565320735,-11,6,0,6.0913045223563165
701,2596301,407810.0,3398540.0,10,330,3,3,2585.0,9.2,509,6,5,407835,3398600,508,0,6,-80.3,519,25.0,60.0,65.0,-1,-307.3801350519596,-11,6,0,9.605204155012947
702,2596301,407810.0,3398540.0,10,330,3,3,2585.0,9.2,509,6,5,407820,3398585,508,5,6,-82.5,519,10.0,45.0,46.09772228646444,-1,-317.4711922908485,-11,6,0,13.421137939554741
703,2596301,407810.0,3398540.0,10,330,3,3,2585.0,9.2,509,6,5,407945,3398470,508,0,13,-103.67,519,135.0,-70.0,152.0690632574555,-1,-212.59242456218158,-11,6,0,4.137315942505482
704,2596301,407810.0,3398540.0,10,330,3,3,2585.0,9.2,509,6,5,407805,3398570,508,0,6,-89.71,519,-5.0,30.0,30.4138126514911,-1,20.537677791974374,-11,6,0,19.883931077618954
705,2596301,407810.0,3398540.0,10,330,3,3,2585.0,9.2,509,6,5,407890,3398495,507,96,5,-92.22,519,80.0,-45.0,91.7877987534291,-2,-210.64224645720873,-12,6,0,7.448395711549703
706,2596301,407810.0,3398540.0,10,330,3,3,2585.0,9.2,509,6,5,407815,3398580,508,5,6,-83.83,519,5.0,40.0,40.311288741492746,-1,-322.8749836510982,-11,6,0,15.263072090786531
707,2596301,407810.0,3398540.0,10,330,3,3,2585.0,9.2,509,6,5,407780,3398625,507,5,15,-72.0,519,-30.0,85.0,90.13878188659973,-2,10.55996517182382,-12,6,0,7.583086473236082
708,2596301,407810.0,3398540.0,10,330,3,3,2585.0,9.2,509,6,5,407660,3398525,507,0,5,-99.0,519,-150.0,-15.0,150.74813431681335,-2,-65.71059313749964,-12,6,0,4.551317363633067
709,2596301,407810.0,3398540.0,10,330,3,3,2585.0,9.2,509,6,5,407670,3398535,508,0,15,-87.25,519,-140.0,-5.0,140.089257261219,-1,-62.04540848888723,-11,6,0,4.489730758084142
710,2596301,407810.0,3398540.0,10,330,3,3,2585.0,9.2,509,6,5,407665,3398530,507,0,5,-91.38,519,-145.0,-10.0,145.34441853748632,-2,-63.945186229037574,-12,6,0,4.719778559594303
711,2596301,407810.0,3398540.0,10,330,3,3,2585.0,9.2,509,6,5,407500,3398310,507,0,13,-100.0,519,-310.0,-230.0,386.00518131237567,-2,-96.57303097851934,-12,6,0,1.7806185599841606
712,2596301,407810.0,3398540.0,10,330,3,3,2585.0,9.2,509,6,5,407585,3398990,507,0,6,-109.5,519,-225.0,450.0,503.1152949374527,-2,3.434948822922024,-12,6,0,1.3663250269462368
713,2596301,407810.0,3398540.0,10,330,3,3,2585.0,9.2,509,6,5,408145,3398725,508,18,13,-105.5,519,335.0,185.0,382.6878623630491,-1,-268.9091836511478,-11,6,0,1.6464595469463277
714,2596301,407810.0,3398540.0,10,330,3,3,2585.0,9.2,509,6,5,407865,3398685,508,5,15,-93.5,519,55.0,145.0,155.08062419270823,-1,-309.22774531795415,-11,6,0,4.057243018462745
715,2596301,407810.0,3398540.0,10,330,3,3,2585.0,9.2,509,6,5,407810,3398440,505,6,13,-102.67,519,0.0,-100.0,100.0,-4,-150.0,-14,6,0,7.96961039432136
716,2596301,407810.0,3398540.0,10,330,3,3,2585.0,9.2,509,6,5,407765,3398465,507,0,13,-91.33,519,-45.0,-75.0,87.46427842267951,-2,-119.03624346792648,-12,6,0,7.812142384069064
717,2596301,407810.0,3398540.0,10,330,3,3,2585.0,9.2,509,6,5,407925,3398625,509,9,5,-105.5,519,115.0,85.0,143.0034964607509,0,-276.46923439005184,-10,6,0,4.000088272766774
718,2596301,407810.0,3398540.0,10,330,3,3,2585.0,9.2,509,6,5,407915,3398655,509,0,6,-102.2,519,105.0,115.0,155.72411502397438,0,-287.6025622024998,-10,6,0,3.674268221706571
719,2596301,407810.0,3398540.0,10,330,3,3,2585.0,9.2,509,6,5,407965,3398585,508,0,5,-92.0,519,155.0,45.0,161.40012391568973,-1,-256.18920625702697,-11,6,0,3.8988846197030704
720,2596301,407810.0,3398540.0,10,330,3,3,2585.0,9.2,509,6,5,407780,3398450,506,0,13,-90.33,519,-30.0,-90.0,94.86832980505137,-3,-131.565051177078,-13,6,0,7.802759774609563
721,2596301,407810.0,3398540.0,10,330,3,3,2585.0,9.2,509,6,5,407760,3398470,507,0,13,-88.17,519,-50.0,-70.0,86.02325267042627,-2,-114.46232220802563,-12,6,0,7.941352033462358
722,2596301,407810.0,3398540.0,10,330,3,3,2585.0,9.2,509,6,5,407785,3398445,505,0,13,-94.17,519,-25.0,-95.0,98.2344135219425,-4,-135.25643716352928,-14,6,0,8.110960218811913
723,2596301,407810.0,3398540.0,10,330,3,3,2585.0,9.2,509,6,5,407880,3398670,508,5,12,-98.0,519,70.0,130.0,147.648230602334,-1,-301.6992442339936,-11,6,0,4.260744436859633
724,2596301,407810.0,3398540.0,10,330,3,3,2585.0,9.2,509,6,5,407795,3398455,505,6,13,-95.25,519,-15.0,-85.0,86.31338250816034,-4,-139.9920201985587,-14,6,0,9.213119108128522
725,2596301,407810.0,3398540.0,10,330,3,3,2585.0,9.2,509,6,5,407775,3398475,507,0,13,-90.0,519,-35.0,-65.0,73.824115301167,-2,-121.69924423399362,-12,6,0,9.23259417751704
726,2596301,407810.0,3398540.0,10,330,3,3,2585.0,9.2,509,6,5,407945,3398605,508,0,13,-90.67,519,135.0,65.0,149.83324063771698,-1,-265.70995378081125,-11,6,0,4.198834087232536
727,2596301,407810.0,3398540.0,10,330,3,3,2585.0,9.2,509,6,5,407770,3398480,507,0,13,-90.09,519,-40.0,-60.0,72.11102550927978,-2,-116.30993247402023,-12,6,0,9.448016435202305
728,2596301,407810.0,3398540.0,10,330,3,3,2585.0,9.2,509,6,5,407905,3398645,509,0,6,-92.2,519,95.0,105.0,141.59802258506295,0,-287.8624052261117,-10,6,0,4.039661548960759
729,2596301,407810.0,3398540.0,10,330,3,3,2585.0,9.2,509,6,5,407900,3398650,509,5,5,-97.8,519,90.0,110.0,142.12670403551894,0,-290.71059313749964,-10,6,0,4.024684330450142
730,2596301,407810.0,3398540.0,10,330,3,3,2585.0,9.2,509,6,5,407950,3398620,508,0,13,-88.77,519,140.0,80.0,161.24515496597098,-1,-269.7448812969422,-11,6,0,3.9026201731045864
731,2596301,407810.0,3398540.0,10,330,3,3,2585.0,9.2,509,6,5,407955,3398615,508,0,13,-91.08,519,145.0,75.0,163.24827717314508,-1,-267.34987578006985,-11,6,0,3.8548787218229283
732,2596301,407810.0,3398540.0,10,330,3,3,2585.0,9.2,509,6,5,408135,3398755,508,0,5,-92.5,519,325.0,215.0,389.6793553679743,-1,-273.486168815513,-11,6,0,1.6169351607037064
733,2596301,407810.0,3398540.0,10,330,3,3,2585.0,9.2,509,6,5,407975,3398595,507,0,5,-87.23,519,165.0,55.0,173.92527130926086,-2,-258.434948822922,-12,6,0,3.946875960604566
734,2596301,407810.0,3398540.0,10,330,3,3,2585.0,9.2,509,6,5,407970,3398600,507,0,5,-88.8,519,160.0,60.0,170.88007490635061,-2,-260.55604521958344,-12,6,0,4.016983658795792
735,2596301,407810.0,3398540.0,10,330,3,3,2585.0,9.2,509,6,5,407960,3398590,508,0,5,-89.16,519,150.0,50.0,158.11388300841898,-1,-258.434948822922,-11,6,0,3.9796613441817845
736,2596301,407810.0,3398540.0,10,330,3,3,2585.0,9.2,509,6,5,408130,3398760,508,0,13,-94.0,519,320.0,220.0,388.329756778952,-1,-274.5085229876684,-11,6,0,1.6225516474205663
737,2596301,407810.0,3398540.0,10,330,3,3,2585.0,9.2,509,6,5,407980,3398570,508,0,5,-96.14,519,170.0,30.0,172.6267650163207,-1,-250.00797980144137,-11,6,0,3.6460314771523343
738,2596301,407810.0,3398540.0,10,330,3,3,2585.0,9.2,509,6,5,407990,3398580,508,96,13,-92.86,519,180.0,40.0,184.39088914585776,-1,-252.52880770915152,-11,6,0,3.413983826550467
739,2596301,407810.0,3398540.0,10,330,3,3,2585.0,9.2,509,6,5,407745,3398485,508,0,5,-93.0,519,-65.0,-55.0,85.14693182963201,-1,-100.23635830927381,-11,6,0,7.361181670807614
740,2596301,407810.0,3398540.0,10,330,3,3,2585.0,9.2,509,6,5,407735,3398515,510,0,6,-98.25,519,-75.0,-25.0,79.05694150420949,1,-78.43494882292202,-9,6,0,6.494705075466956
741,2596301,407810.0,3398540.0,10,330,3,3,2585.0,9.2,509,6,5,407755,3398495,508,0,5,-100.5,519,-55.0,-45.0,71.06335201775947,-1,-99.28940686250036,-11,6,0,8.79906447399203
742,2596301,407810.0,3398540.0,10,330,3,3,2585.0,9.2,509,6,5,407995,3398575,508,96,13,-90.13,519,185.0,35.0,188.2817038376273,-1,-250.71312302279102,-11,6,0,3.343596080053281
743,2596301,407810.0,3398540.0,10,330,3,3,2585.0,9.2,509,6,5,407985,3398565,508,96,5,-94.7,519,175.0,25.0,176.7766952966369,-1,-248.13010235415595,-11,6,0,3.56066172012722
744,2596301,407810.0,3398540.0,10,330,3,3,2585.0,9.2,509,6,5,407940,3398610,508,0,5,-93.89,519,130.0,70.0,147.648230602334,-1,-268.3007557660064,-11,6,0,4.260744436859633
745,2596301,407810.0,3398540.0,10,330,3,3,2585.0,9.2,509,6,5,407935,3398635,508,9,6,-107.5,519,125.0,95.0,157.00318468107582,-1,-277.23483398157464,-11,6,0,4.007723512250517
746,2596301,407810.0,3398540.0,10,330,3,3,2585.0,9.2,509,6,5,407930,3398640,508,9,6,-99.33,519,120.0,100.0,156.20499351813308,-1,-279.8055710922652,-11,6,0,4.028135315978701
747,2596301,407810.0,3398540.0,10,330,3,3,2585.0,9.2,509,6,5,407790,3398460,506,0,13,-98.33,519,-20.0,-80.0,82.46211251235322,-3,-135.96375653207352,-13,6,0,8.958841720318532
748,2596301,407810.0,3398540.0,10,330,3,3,2585.0,9.2,509,6,5,407860,3398690,508,0,15,-99.0,519,50.0,150.0,158.11388300841898,-1,-311.565051177078,-11,6,0,3.9796613441817845
749,2596301,407810.0,3398540.0,10,330,3,3,2585.0,9.2,509,6,5,407725,3398505,509,0,6,-115.5,519,-85.0,-35.0,91.92388155425118,0,-82.3801350519596,-10,6,0,6.208544626185846
750,2596301,407810.0,3398540.0,10,330,3,3,2585.0,9.2,509,6,5,408115,3398775,508,0,6,-101.5,519,305.0,235.0,385.0324661635691,-1,-277.61395684873276,-11,6,0,1.6364391195177683
751,2596301,407810.0,3398540.0,10,330,3,3,2585.0,9.2,509,6,5,407920,3398630,509,9,6,-95.75,519,110.0,90.0,142.12670403551894,0,-279.28940686250036,-10,6,0,4.024684330450142
752,2596301,407810.0,3398540.0,10,330,3,3,2585.0,9.2,509,6,5,407730,3398520,510,0,6,-95.0,519,-80.0,-20.0,82.46211251235322,1,-74.03624346792648,-9,6,0,6.22866706348412
753,2596301,407810.0,3398540.0,10,330,3,3,2585.0,9.2,509,6,5,407710,3398540,510,5,5,-96.67,519,-100.0,0.0,100.0,1,-60.0,-9,6,0,5.142764557884242
754,2596301,407810.0,3398540.0,10,330,3,3,2585.0,9.2,509,6,5,407615,3398400,505,0,5,-96.0,519,-195.0,-140.0,240.05207768315609,-4,-95.676408221862,-14,6,0,3.3377479226740117
755,2596301,407810.0,3398540.0,10,330,3,3,2585.0,9.2,509,6,5,407525,3398310,507,0,13,-93.0,519,-285.0,-230.0,366.23080154459973,-2,-98.9041384554042,-12,6,0,1.8766948406176456
756,2596301,407810.0,3398540.0,10,330,3,3,2585.0,9.2,509,6,5,407840,3398625,508,5,5,-72.33,519,30.0,85.0,90.13878188659973,-1,-310.5599651718238,-11,6,0,6.957633327104099
757,2596301,407810.0,3398540.0,10,330,3,3,2585.0,9.2,509,6,5,407785,3398530,509,6,5,-92.33,519,-25.0,-10.0,26.92582403567252,0,-81.80140948635182,-10,6,0,20.374527188735197
758,2596301,407810.0,3398540.0,10,330,3,3,2585.0,9.2,509,6,5,407685,3398470,507,0,6,-88.5,519,-125.0,-70.0,143.26548781894402,-2,-89.24882633654698,-12,6,0,4.787951296397416
759,2596301,407810.0,3398540.0,10,330,3,3,2585.0,9.2,509,6,5,407765,3398550,510,5,6,-93.33,519,-45.0,10.0,46.09772228646444,1,-47.47119229084848,-9,6,0,11.047312831029233
760,2596301,407810.0,3398540.0,10,330,3,3,2585.0,9.2,509,6,5,407985,3398650,506,0,5,-87.0,519,175.0,110.0,206.70026608594387,-3,-272.15229514128237,-13,6,0,3.598763496276883
761,2596301,407810.0,3398540.0,10,330,3,3,2585.0,9.2,509,6,5,407875,3398620,509,0,6,-84.27,519,65.0,80.0,103.07764064044152,0,-290.9061411137705,-10,6,0,5.541166443639222
762,2596301,407810.0,3398540.0,10,330,3,3,2585.0,9.2,509,6,5,407815,3398520,508,0,13,-82.27,519,5.0,-20.0,20.615528128088304,-1,-164.0362434679265,-11,6,0,28.083416508868634
763,2596301,407810.0,3398540.0,10,330,3,3,2585.0,9.2,509,6,5,407890,3398595,509,0,5,-88.33,519,80.0,55.0,97.082439194738,0,-274.5085229876684,-10,6,0,5.881024693804078
764,2596301,407810.0,3398540.0,10,330,3,3,2585.0,9.2,509,6,5,407915,3398580,509,0,5,-88.67,519,105.0,40.0,112.36102527122117,0,-260.85445803957833,-10,6,0,5.085857687964041
765,2596301,407810.0,3398540.0,10,330,3,3,2585.0,9.2,509,6,5,407850,3398635,508,0,5,-84.0,519,40.0,95.0,103.07764064044152,-1,-307.16634582208246,-11,6,0,6.0913045223563165
766,2596301,407810.0,3398540.0,10,330,3,3,2585.0,9.2,509,6,5,407705,3398450,506,0,13,-102.67,519,-105.0,-90.0,138.2931668593933,-3,-100.60129464500449,-13,6,0,5.370205509393975
767,2596301,407810.0,3398540.0,10,330,3,3,2585.0,9.2,509,6,5,407830,3398495,507,0,13,-86.6,519,20.0,-45.0,49.24428900898052,-2,-173.96248897457815,-12,6,0,13.69509772939726
768,2596301,407810.0,3398540.0,10,330,3,3,2585.0,9.2,509,6,5,407900,3398565,509,0,5,-88.38,519,90.0,25.0,93.40770846134703,0,-255.52411099675425,-10,6,0,6.110671001741464
769,2596301,407810.0,3398540.0,10,330,3,3,2585.0,9.2,509,6,5,407895,3398600,510,0,5,-84.0,519,85.0,60.0,104.04326023342406,1,-275.2175929681927,-9,6,0,4.943920254294101
770,2596301,407810.0,3398540.0,10,330,3,3,2585.0,9.2,509,6,5,407870,3398615,509,0,6,-81.75,519,60.0,75.0,96.04686356149273,0,-291.3401917459099,-10,6,0,5.943982216464175
771,2596301,407810.0,3398540.0,10,330,3,3,2585.0,9.2,509,6,5,407980,3398645,506,0,5,-92.17,519,170.0,105.0,199.81241202688085,-3,-271.7014296695057,-13,6,0,3.7224756284661984
772,2596301,407810.0,3398540.0,10,330,3,3,2585.0,9.2,509,6,5,407710,3398455,507,0,13,-96.5,519,-100.0,-85.0,131.24404748406687,-2,-100.36453657309735,-12,6,0,5.224183215153356
773,2596301,407810.0,3398540.0,10,330,3,3,2585.0,9.2,509,6,5,408075,3398740,507,0,6,-88.5,519,265.0,200.0,332.00150602068055,-2,-277.04247477308286,-12,6,0,2.070021271165416
774,2596301,407810.0,3398540.0,10,330,3,3,2585.0,9.2,509,6,5,407825,3398490,507,0,13,-86.43,519,15.0,-50.0,52.20153254455275,-2,-166.69924423399357,-12,6,0,12.94614223456326
775,2596301,407810.0,3398540.0,10,330,3,3,2585.0,9.2,509,6,5,407820,3398485,506,6,13,-94.63,519,10.0,-55.0,55.90169943749474,-3,-160.30484646876607,-13,6,0,13.09150877343728
776,2596301,407810.0,3398540.0,10,330,3,3,2585.0,9.2,509,6,5,407975,3398680,506,0,7,-101.5,519,165.0,140.0,216.390850083824,-3,-280.3141001604973,-13,6,0,3.4379964528571993
777,2596301,407810.0,3398540.0,10,330,3,3,2585.0,9.2,509,6,5,407995,3398660,506,0,5,-88.0,519,185.0,120.0,220.51077071199947,-3,-272.96940390346214,-13,6,0,3.373912320706008
778,2596301,407810.0,3398540.0,10,330,3,3,2585.0,9.2,509,6,5,407860,3398605,509,0,6,-85.78,519,50.0,65.0,82.00609733428362,0,-292.4314079711725,-10,6,0,6.952445560310081
779,2596301,407810.0,3398540.0,10,330,3,3,2585.0,9.2,509,6,5,407835,3398500,507,0,13,-78.33,519,25.0,-40.0,47.16990566028302,-2,-182.00538320808346,-12,6,0,14.27324127759783
780,2596301,407810.0,3398540.0,10,330,3,3,2585.0,9.2,509,6,5,407800,3398505,508,0,13,-96.29,519,-10.0,-35.0,36.40054944640259,-1,-134.05460409907712,-11,6,0,16.814462082890977
781,2596301,407810.0,3398540.0,10,330,3,3,2585.0,9.2,509,6,5,407990,3398655,506,0,5,-91.6,519,180.0,115.0,213.60009363293827,-3,-272.5740571345725,-13,6,0,3.482805165842666
782,2596301,407810.0,3398540.0,10,330,3,3,2585.0,9.2,509,6,5,407805,3398510,508,0,13,-85.67,519,-5.0,-30.0,30.4138126514911,-1,-140.53767779197437,-11,6,0,19.883931077618954
783,2596301,407810.0,3398540.0,10,330,3,3,2585.0,9.2,509,6,5,407910,3398575,509,0,5,-90.16,519,100.0,35.0,105.94810050208545,0,-259.29004621918875,-10,6,0,5.391936200678344
784,2596301,407810.0,3398540.0,10,330,3,3,2585.0,9.2,509,6,5,408060,3398725,506,0,6,-96.67,519,250.0,185.0,311.0064308016797,-3,-276.50144112050634,-13,6,0,2.3935575313010693
785,2596301,407810.0,3398540.0,10,330,3,3,2585.0,9.2,509,6,5,407760,3398545,510,0,6,-95.25,519,-50.0,5.0,50.24937810560445,1,-54.28940686250036,-9,6,0,10.154389636022229
786,2596301,407810.0,3398540.0,10,330,3,3,2585.0,9.2,509,6,5,407925,3398710,508,0,5,-96.75,519,115.0,170.0,205.24375751773792,-1,-295.92280471986925,-11,6,0,3.0678212706664834
787,2596301,407810.0,3398540.0,10,330,3,3,2585.0,9.2,509,6,5,407885,3398590,509,0,5,-89.92,519,75.0,50.0,90.13878188659973,0,-273.69006752597977,-10,6,0,6.330509401162716
788,2596301,407810.0,3398540.0,10,330,3,3,2585.0,9.2,509,6,5,407780,3398525,509,6,5,-93.2,519,-30.0,-15.0,33.54101966249684,0,-86.56505117707798,-10,6,0,16.601549599020238
789,2596301,407810.0,3398540.0,10,330,3,3,2585.0,9.2,509,6,5,407880,3398585,509,0,5,-86.9,519,70.0,45.0,83.21658488546619,0,-272.7352262721076,-10,6,0,6.852282245439308
790,2596301,407810.0,3398540.0,10,330,3,3,2585.0,9.2,509,6,5,407715,3398460,507,0,5,-92.25,519,-95.0,-80.0,124.19742348374221,-2,-100.10090754621226,-12,6,0,5.5188078953683695
791,2596301,407810.0,3398540.0,10,330,3,3,2585.0,9.2,509,6,5,407810,3398515,508,0,13,-85.93,519,0.0,-25.0,25.0,-1,-150.0,-11,6,0,23.74949449286676
792,2596301,407810.0,3398540.0,10,330,3,3,2585.0,9.2,509,6,5,407855,3398640,508,0,5,-87.0,519,45.0,100.0,109.65856099730654,-1,-305.77225468204585,-11,6,0,5.728255892432204
793,2596301,407810.0,3398540.0,10,330,3,3,2585.0,9.2,509,6,5,407865,3398610,509,0,6,-93.22,519,55.0,70.0,89.02246907382428,0,-291.84277341263095,-10,6,0,6.409235404577621
794,2596301,407810.0,3398540.0,10,330,3,3,2585.0,9.2,509,6,5,407905,3398570,509,0,5,-91.81,519,95.0,30.0,99.62429422585637,0,-257.5255683737229,-10,6,0,5.731985937680171
795,2596301,407810.0,3398540.0,10,330,3,3,2585.0,9.2,509,6,5,408080,3398635,505,0,6,-96.0,519,270.0,95.0,286.2254356272342,-4,-259.38451567935783,-14,6,0,2.8002477798120307
796,2596301,407810.0,3398540.0,10,330,3,3,2585.0,9.2,509,6,5,408020,3398695,506,0,6,-100.14,519,210.0,155.0,261.00766272276377,-3,-276.4308581201624,-13,6,0,2.8513727151826385
797,2596301,407810.0,3398540.0,10,330,3,3,2585.0,9.2,509,6,5,408050,3398665,506,0,5,-93.27,519,240.0,125.0,270.60118255469615,-3,-267.51200262385146,-13,6,0,2.7504421667496137
798,2596301,407810.0,3398540.0,10,330,3,3,2585.0,9.2,509,6,5,408070,3398645,505,0,6,-98.14,519,260.0,105.0,280.40149785619906,-4,-261.99112991717715,-14,6,0,2.858313442044411
799,2596301,407810.0,3398540.0,10,330,3,3,2585.0,9.2,509,6,5,408030,3398685,506,0,5,-85.5,519,220.0,145.0,263.48624252510797,-3,-273.3885135761115,-13,6,0,2.824593876911648
800,2596301,407810.0,3398540.0,10,330,3,3,2585.0,9.2,509,6,5,408060,3398655,505,0,5,-101.17,519,250.0,115.0,275.1817581163403,-4,-264.7024302277713,-14,6,0,2.9124384099511276
801,2596301,407810.0,3398540.0,10,330,3,3,2585.0,9.2,509,6,5,408065,3398660,505,0,6,-91.62,519,255.0,120.0,281.82441342083905,-4,-265.2011236454751,-14,6,0,2.8439057300499773
802,2596301,407810.0,3398540.0,10,330,3,3,2585.0,9.2,509,6,5,408055,3398670,506,0,5,-92.67,519,245.0,130.0,277.35356496717327,-3,-267.95096902789015,-13,6,0,2.683579676929149
803,2596301,407810.0,3398540.0,10,330,3,3,2585.0,9.2,509,6,5,408035,3398690,506,0,5,-92.14,519,225.0,150.0,270.4163456597992,-3,-273.69006752597977,-13,6,0,2.7523192786292885
804,2596301,407810.0,3398540.0,10,330,3,3,2585.0,9.2,509,6,5,408025,3398700,506,0,6,-94.0,519,215.0,160.0,268.00186566514793,-3,-276.6561084159669,-13,6,0,2.7770768047439844
805,2596301,407810.0,3398540.0,10,330,3,3,2585.0,9.2,509,6,5,408015,3398710,506,0,6,-88.0,519,205.0,170.0,266.3174797117155,-3,-279.66784111834045,-13,6,0,2.794613307013307
806,2596301,407810.0,3398540.0,10,330,3,3,2585.0,9.2,509,6,5,408045,3398680,506,0,5,-98.67,519,235.0,140.0,273.5415873317986,-3,-270.7841465263264,-13,6,0,2.720921267296875
807,2596301,407810.0,3398540.0,10,330,3,3,2585.0,9.2,509,6,5,408040,3398675,506,0,5,-96.33,519,230.0,135.0,266.6927070618917,-3,-270.4110812671254,-13,6,0,2.7906876034185917
808,2596301,407810.0,3398540.0,10,330,3,3,2585.0,9.2,509,6,5,407675,3398520,507,0,15,-92.0,519,-135.0,-20.0,136.4734406395618,-2,-68.42696902148066,-12,6,0,5.025047997911769
809,2596301,407810.0,3398540.0,10,330,3,3,2585.0,9.2,509,6,5,408075,3398680,506,0,6,-94.0,519,265.0,140.0,299.7081914129142,-3,-267.8475782597882,-13,6,0,2.4836776418862523
810,2596301,407810.0,3398540.0,10,330,3,3,2585.0,9.2,509,6,5,408060,3398665,506,0,5,-92.67,519,250.0,125.0,279.5084971874737,-3,-266.565051177078,-13,6,0,2.6629199261466203
811,2596301,407810.0,3398540.0,10,330,3,3,2585.0,9.2,509,6,5,408050,3398655,506,0,5,-92.0,519,240.0,115.0,266.1296676434253,-3,-265.6021875514418,-13,6,0,2.7965823816682156
812,2596301,407810.0,3398540.0,10,330,3,3,2585.0,9.2,509,6,5,408065,3398670,506,0,6,-93.6,519,255.0,130.0,286.2254356272342,-3,-267.01266534793854,-13,6,0,2.600515198899328
813,2596301,407810.0,3398540.0,10,330,3,3,2585.0,9.2,509,6,5,408025,3398710,506,9,6,-99.5,519,215.0,170.0,274.0894014733149,-3,-278.33334010909863,-13,6,0,2.7154911928927175
814,2596301,407810.0,3398540.0,10,330,3,3,2585.0,9.2,509,6,5,408005,3398690,506,9,6,-99.6,519,195.0,150.0,246.01829200285087,-3,-277.5685920288275,-13,6,0,3.024787408937963
815,2596301,407810.0,3398540.0,10,330,3,3,2585.0,9.2,509,6,5,408045,3398650,506,0,13,-92.75,519,235.0,110.0,259.47061490658245,-3,-265.08359400619094,-13,6,0,2.8682355082476265
816,2596301,407810.0,3398540.0,10,330,3,3,2585.0,9.2,509,6,5,408015,3398700,506,9,6,-100.33,519,205.0,160.0,260.0480724789169,-3,-277.9716037610504,-13,6,0,2.8618769617240596
817,2596301,407810.0,3398540.0,10,330,3,3,2585.0,9.2,509,6,5,408070,3398675,506,0,6,-89.25,519,260.0,135.0,292.95904150580503,-3,-267.43972794819933,-13,6,0,2.540822120971761
818,2596301,407810.0,3398540.0,10,330,3,3,2585.0,9.2,509,6,5,408010,3398695,506,9,6,-107.5,519,200.0,155.0,253.03161857759991,-3,-277.77568430595466,-13,6,0,2.9410980767665302
819,2596301,407810.0,3398540.0,10,330,3,3,2585.0,9.2,509,6,5,408030,3398715,506,9,6,-98.67,519,220.0,175.0,281.1138559374119,-3,-278.50065372034544,-13,6,0,2.6477344746521045
820,2596301,407810.0,3398540.0,10,330,3,3,2585.0,9.2,509,6,5,408040,3398645,506,0,13,-93.47,519,230.0,105.0,252.83393759541065,-3,-264.5377284765778,-13,6,0,2.9433935644563425
821,2596301,407810.0,3398540.0,10,330,3,3,2585.0,9.2,509,6,5,408055,3398660,506,0,5,-93.15,519,245.0,120.0,272.8094573140748,-3,-266.0954241573883,-13,6,0,2.728212299091146
822,2596301,407810.0,3398540.0,10,330,3,3,2585.0,9.2,509,6,5,408035,3398720,506,9,6,-97.5,519,225.0,180.0,288.1405906844782,-3,-278.6598082540901,-13,6,0,2.583254108720582
823,2596301,407810.0,3398540.0,10,330,3,3,2585.0,9.2,509,6,5,408000,3398685,506,9,6,-101.0,519,190.0,145.0,239.0083680543424,-3,-277.3493490446406,-13,6,0,3.1133299561742485
824,2596301,407810.0,3398540.0,10,330,3,3,2585.0,9.2,509,6,5,407800,3398530,509,0,5,-85.83,519,-10.0,-10.0,14.142135623730951,0,-105.0,-10,6,0,35.264389682754654
825,2596301,407810.0,3398540.0,10,330,3,3,2585.0,9.2,509,6,5,407715,3398435,506,0,13,-91.67,519,-95.0,-105.0,141.59802258506295,-3,-107.86240522611175,-13,6,0,5.245573998781974
826,2596301,407810.0,3398540.0,10,330,3,3,2585.0,9.2,509,6,5,407725,3398445,507,0,13,-93.6,519,-85.0,-95.0,127.47548783981962,-2,-108.17983011986425,-12,6,0,5.377733249708988
827,2596301,407810.0,3398540.0,10,330,3,3,2585.0,9.2,509,6,5,407930,3398660,508,0,6,-111.0,519,120.0,120.0,169.7056274847714,-1,-285.0,-11,6,0,3.70861682982072
828,2596301,407810.0,3398540.0,10,330,3,3,2585.0,9.2,509,6,5,407720,3398450,507,0,13,-90.5,519,-90.0,-90.0,127.27922061357856,-2,-105.0,-12,6,0,5.385977098599754
829,2596301,407810.0,3398540.0,10,330,3,3,2585.0,9.2,509,6,5,407760,3398490,508,0,13,-92.6,519,-50.0,-50.0,70.71067811865476,-1,-105.0,-11,6,0,8.842258533397425
830,2596301,407810.0,3398540.0,10,330,3,3,2585.0,9.2,509,6,5,407925,3398645,509,0,7,-98.5,519,115.0,105.0,155.72411502397438,0,-282.3974377975002,-10,6,0,3.674268221706571
831,2596301,407810.0,3398540.0,10,330,3,3,2585.0,9.2,509,6,5,407740,3398470,507,0,5,-90.9,519,-70.0,-70.0,98.99494936611666,-2,-105.0,-12,6,0,6.911576313058467
832,2596301,407810.0,3398540.0,10,330,3,3,2585.0,9.2,509,6,5,407825,3398545,509,0,6,-77.38,519,15.0,5.0,15.811388300841896,0,-258.434948822922,-10,6,0,32.31153323742385
833,2596301,407810.0,3398540.0,10,330,3,3,2585.0,9.2,509,6,5,407880,3398610,509,21,6,-84.33,519,70.0,70.0,98.99494936611666,0,-285.0,-10,6,0,5.7681811861882215
834,2596301,407810.0,3398540.0,10,330,3,3,2585.0,9.2,509,6,5,407795,3398515,508,0,13,-87.57,519,-15.0,-25.0,29.154759474226502,-1,-119.03624346792648,-11,6,0,20.671335055030994
835,2596301,407810.0,3398540.0,10,330,3,3,2585.0,9.2,509,6,5,407940,3398670,508,0,6,-103.25,519,130.0,130.0,183.84776310850236,-1,-285.0,-11,6,0,3.4240455121868183
836,2596301,407810.0,3398540.0,10,330,3,3,2585.0,9.2,509,6,5,407750,3398480,508,0,13,-89.92,519,-60.0,-60.0,84.8528137423857,-1,-105.0,-11,6,0,7.386415819366668
837,2596301,407810.0,3398540.0,10,330,3,3,2585.0,9.2,509,6,5,407920,3398650,509,0,6,-99.52,519,110.0,110.0,155.56349186104046,0,-285.0,-10,6,0,3.678051586226728
838,2596301,407810.0,3398540.0,10,330,3,3,2585.0,9.2,509,6,5,407855,3398575,509,0,5,-86.47,519,45.0,35.0,57.0087712549569,0,-277.8749836510982,-10,6,0,9.949126297159781
839,2596301,407810.0,3398540.0,10,330,3,3,2585.0,9.2,509,6,5,407860,3398590,509,0,6,-82.75,519,50.0,50.0,70.71067811865476,0,-285.0,-10,6,0,8.049466975528397
840,2596301,407810.0,3398540.0,10,330,3,3,2585.0,9.2,509,6,5,407890,3398620,510,21,7,-93.69,519,80.0,80.0,113.13708498984761,1,-285.0,-9,6,0,4.548273472642266
841,2596301,407810.0,3398540.0,10,330,3,3,2585.0,9.2,509,6,5,407885,3398605,509,21,6,-96.0,519,75.0,65.0,99.24716620639605,0,-280.9143832200251,-10,6,0,5.753620978157765
842,2596301,407810.0,3398540.0,10,330,3,3,2585.0,9.2,509,6,5,407895,3398615,510,0,6,-90.29,519,85.0,75.0,113.35784048754634,1,-281.4236656250026,-9,6,0,4.5394531225009525
843,2596301,407810.0,3398540.0,10,330,3,3,2585.0,9.2,509,6,5,407900,3398630,510,0,6,-91.4,519,90.0,90.0,127.27922061357856,1,-285.0,-9,6,0,4.044691235386268
844,2596301,407810.0,3398540.0,10,330,3,3,2585.0,9.2,509,6,5,407935,3398655,508,0,6,-105.56,519,125.0,115.0,169.85287751463028,-1,-282.6140559696112,-11,6,0,3.7054106910676357
845,2596301,407810.0,3398540.0,10,330,3,3,2585.0,9.2,509,6,5,407730,3398460,507,0,2,-92.45,519,-80.0,-80.0,113.13708498984761,-2,-105.0,-12,6,0,6.054498479394494
846,2596301,407810.0,3398540.0,10,330,3,3,2585.0,9.2,509,6,5,407850,3398580,509,0,6,-87.25,519,40.0,40.0,56.568542494923804,0,-285.0,-10,6,0,10.024987862075742
847,2596301,407810.0,3398540.0,10,330,3,3,2585.0,9.2,509,6,5,407840,3398570,509,0,6,-84.25,519,30.0,30.0,42.42640687119285,0,-285.0,-10,6,0,13.262676008304844
848,2596301,407810.0,3398540.0,10,330,3,3,2585.0,9.2,509,6,5,407845,3398565,509,0,5,-79.8,519,35.0,25.0,43.01162633521314,0,-275.5376777919744,-10,6,0,13.088476085833271
849,2596301,407810.0,3398540.0,10,330,3,3,2585.0,9.2,509,6,5,407945,3398665,508,0,6,-105.33,519,135.0,125.0,183.98369492974098,-1,-282.7974018382342,-11,6,0,3.421521752701034
850,2596301,407810.0,3398540.0,10,330,3,3,2585.0,9.2,509,6,5,407735,3398455,507,0,5,-90.5,519,-75.0,-85.0,113.35784048754634,-2,-108.57633437499737,-12,6,0,6.042795141980061
851,2596301,407810.0,3398540.0,10,330,3,3,2585.0,9.2,509,6,5,407775,3398495,508,0,13,-94.23,519,-35.0,-45.0,57.0087712549569,-1,-112.12501634890182,-11,6,0,10.921164573050607
852,2596301,407810.0,3398540.0,10,330,3,3,2585.0,9.2,509,6,5,407805,3398525,508,0,13,-84.67,519,-5.0,-15.0,15.811388300841896,-1,-131.565051177078,-11,6,0,34.82637761834123
853,2596301,407810.0,3398540.0,10,330,3,3,2585.0,9.2,509,6,5,407770,3398500,508,0,13,-95.31,519,-40.0,-40.0,56.568542494923804,-1,-105.0,-11,6,0,11.004088539379032
854,2596301,407810.0,3398540.0,10,330,3,3,2585.0,9.2,509,6,5,407780,3398510,508,0,5,-95.54,519,-30.0,-30.0,42.42640687119285,-1,-105.0,-11,6,0,14.535165207979569
855,2596301,407810.0,3398540.0,10,330,3,3,2585.0,9.2,509,6,5,407785,3398505,508,0,5,-93.13,519,-25.0,-35.0,43.01162633521314,-1,-114.46232220802563,-11,6,0,14.34561342352611
856,2596301,407810.0,3398540.0,10,330,3,3,2585.0,9.2,509,6,5,407830,3398560,509,0,5,-88.67,519,20.0,20.0,28.284271247461902,0,-285.0,-10,6,0,19.47122063449069
857,2596301,407810.0,3398540.0,10,330,3,3,2585.0,9.2,509,6,5,407755,3398475,507,0,13,-92.33,519,-55.0,-65.0,85.14693182963201,-2,-109.76364169072619,-12,6,0,8.02202473473309
858,2596301,407810.0,3398540.0,10,330,3,3,2585.0,9.2,509,6,5,407745,3398465,507,0,5,-88.0,519,-65.0,-75.0,99.24716620639605,-2,-109.08561677997488,-12,6,0,6.894181180788956
859,2596301,407810.0,3398540.0,10,330,3,3,2585.0,9.2,509,6,5,407865,3398585,509,0,6,-80.33,519,55.0,45.0,71.06335201775947,0,-279.28940686250036,-10,6,0,8.010038745332457
860,2596301,407810.0,3398540.0,10,330,3,3,2585.0,9.2,509,6,5,407790,3398520,509,0,5,-86.67,519,-20.0,-20.0,28.284271247461902,0,-105.0,-10,6,0,19.47122063449069
861,2596301,407810.0,3398540.0,10,330,3,3,2585.0,9.2,509,6,5,407835,3398555,509,0,5,-81.0,519,25.0,15.0,29.154759474226502,0,-270.9637565320735,-10,6,0,18.931823180865184
862,2596301,407810.0,3398540.0,10,330,3,3,2585.0,9.2,509,6,5,407875,3398595,509,0,6,-85.4,519,65.0,55.0,85.14693182963201,0,-280.23635830927384,-10,6,0,6.698363436736243
863,2596301,407810.0,3398540.0,10,330,3,3,2585.0,9.2,509,6,5,407705,3398425,506,0,13,-89.5,519,-105.0,-115.0,155.72411502397438,-3,-107.6025622024998,-13,6,0,4.772042144493768
864,2596301,407810.0,3398540.0,10,330,3,3,2585.0,9.2,509,6,5,407905,3398625,510,9,6,-88.75,519,95.0,85.0,127.47548783981962,1,-281.8201698801358,-9,6,0,4.038484460418017
865,2596301,407810.0,3398540.0,10,330,3,3,2585.0,9.2,509,6,5,407910,3398640,509,0,6,-92.0,519,100.0,100.0,141.4213562373095,0,-285.0,-10,6,0,4.044691235386268
866,2596301,407810.0,3398540.0,10,330,3,3,2585.0,9.2,509,6,5,407950,3398680,507,0,6,-102.5,519,140.0,140.0,197.9898987322333,-2,-285.0,-12,6,0,3.468405772924623
867,2596301,407810.0,3398540.0,10,330,3,3,2585.0,9.2,509,6,5,407815,3398535,509,0,13,-87.43,519,5.0,-5.0,7.0710678118654755,0,-195.0,-10,6,0,54.735610317245346
868,2596301,407810.0,3398540.0,10,330,3,3,2585.0,9.2,509,6,5,407810,3398540,509,6,5,-82.0,519,0.0,0.0,0.0,0,-330.0,-10,6,0,90.0
869,2596301,407810.0,3398540.0,10,330,3,3,2585.0,9.2,509,6,5,407765,3398485,508,0,13,-88.33,519,-45.0,-55.0,71.06335201775947,-1,-110.71059313749967,-11,6,0,8.79906447399203
870,2596301,407810.0,3398540.0,10,330,3,3,2585.0,9.2,509,6,5,407870,3398600,509,21,6,-85.78,519,60.0,60.0,84.8528137423857,0,-285.0,-10,6,0,6.721369339369456
871,2596301,407810.0,3398540.0,10,330,3,3,2585.0,9.2,509,6,5,407695,3398415,505,0,13,-84.0,519,-115.0,-125.0,169.85287751463028,-4,-107.38594403038883,-14,6,0,4.711911719742886
872,2596301,407810.0,3398540.0,10,330,3,3,2585.0,9.2,509,6,5,407910,3398615,509,0,5,-80.0,519,100.0,75.0,125.0,0,-276.86989764584405,-10,6,0,4.573921259900861
873,2596301,407810.0,3398540.0,10,330,3,3,2585.0,9.2,509,6,5,407845,3398590,508,0,6,-89.27,519,35.0,50.0,61.032778078668514,-1,-295.00797980144137,-11,6,0,10.216794413012494
874,2596301,407810.0,3398540.0,10,330,3,3,2585.0,9.2,509,6,5,407945,3398650,508,9,6,-102.0,519,135.0,110.0,174.14074767268,-1,-279.1736579704442,-11,6,0,3.614417213846311
875,2596301,407810.0,3398540.0,10,330,3,3,2585.0,9.2,509,6,5,407725,3398470,508,0,2,-97.67,519,-85.0,-70.0,110.11357772772621,-1,-99.47245984834385,-11,6,0,5.704741761655314
876,2596301,407810.0,3398540.0,10,330,3,3,2585.0,9.2,509,6,5,407870,3398575,509,0,6,-82.39,519,60.0,35.0,69.46221994724903,0,-270.25643716352926,-10,6,0,8.19219487435178
877,2596301,407810.0,3398540.0,10,330,3,3,2585.0,9.2,509,6,5,407765,3398510,509,6,5,-94.33,519,-45.0,-30.0,54.08326913195984,0,-93.69006752597977,-10,6,0,10.4756816963899
878,2596301,407810.0,3398540.0,10,330,3,3,2585.0,9.2,509,6,5,407905,3398610,510,0,5,-88.25,519,95.0,70.0,118.00423721205946,1,-276.3843518158359,-9,6,0,4.36141663707282
879,2596301,407810.0,3398540.0,10,330,3,3,2585.0,9.2,509,6,5,407800,3398545,509,6,6,-94.0,519,-10.0,5.0,11.180339887498949,0,-33.434948822922024,-10,6,0,41.810314895778596
880,2596301,407810.0,3398540.0,10,330,3,3,2585.0,9.2,509,6,5,407770,3398515,509,6,5,-96.31,519,-40.0,-25.0,47.16990566028302,0,-92.00538320808352,-10,6,0,11.969463124607309
881,2596301,407810.0,3398540.0,10,330,3,3,2585.0,9.2,509,6,5,407840,3398585,508,0,6,-85.9,519,30.0,45.0,54.08326913195984,-1,-296.30993247402023,-11,6,0,11.496576301597276
882,2596301,407810.0,3398540.0,10,330,3,3,2585.0,9.2,509,6,5,407895,3398640,510,0,6,-89.67,519,85.0,100.0,131.24404748406687,1,-289.6354634269026,-9,6,0,3.9228902479475884
883,2596301,407810.0,3398540.0,10,330,3,3,2585.0,9.2,509,6,5,407785,3398490,507,0,13,-91.0,519,-25.0,-50.0,55.90169943749474,-2,-123.434948822922,-12,6,0,12.115397353409604
884,2596301,407810.0,3398540.0,10,330,3,3,2585.0,9.2,509,6,5,407830,3398535,509,0,5,-79.75,519,20.0,-5.0,20.615528128088304,0,-225.9637565320735,-10,6,0,25.87669006082751
885,2596301,407810.0,3398540.0,10,330,3,3,2585.0,9.2,509,6,5,407690,3398435,506,0,13,-105.0,519,-120.0,-105.0,159.45218719101973,-3,-101.18592516570965,-13,6,0,4.6609668311061885
886,2596301,407810.0,3398540.0,10,330,3,3,2585.0,9.2,509,6,5,407865,3398570,509,0,6,-82.75,519,55.0,30.0,62.64982043070834,0,-268.6104596659652,-10,6,0,9.068900168866097
887,2596301,407810.0,3398540.0,10,330,3,3,2585.0,9.2,509,6,5,407835,3398540,509,0,5,-81.06,519,25.0,0.0,25.0,0,-240.0,-10,6,0,21.80140948635181
888,2596301,407810.0,3398540.0,10,330,3,3,2585.0,9.2,509,6,5,407885,3398630,509,0,6,-90.67,519,75.0,90.0,117.15374513859982,0,-290.1944289077348,-10,6,0,4.878822503609098
889,2596301,407810.0,3398540.0,10,330,3,3,2585.0,9.2,509,6,5,407900,3398605,510,0,5,-88.25,519,90.0,65.0,111.01801655587259,1,-275.83765295427827,-9,6,0,4.634714438379844
890,2596301,407810.0,3398540.0,10,330,3,3,2585.0,9.2,509,6,5,407850,3398595,509,0,6,-92.55,519,40.0,55.0,68.00735254367721,0,-293.9726266148964,-10,6,0,8.364994453540968
891,2596301,407810.0,3398540.0,10,330,3,3,2585.0,9.2,509,6,5,407745,3398450,506,0,2,-94.25,519,-65.0,-90.0,111.01801655587259,-3,-114.1623470457217,-13,6,0,6.67881181217068
892,2596301,407810.0,3398540.0,10,330,3,3,2585.0,9.2,509,6,5,407825,3398530,509,0,13,-82.74,519,15.0,-10.0,18.027756377319946,0,-206.30993247402023,-10,6,0,29.017140624601524
893,2596301,407810.0,3398540.0,10,330,3,3,2585.0,9.2,509,6,5,407890,3398635,509,0,6,-86.09,519,80.0,95.0,124.19742348374221,0,-289.8990924537878,-10,6,0,4.603351782093735
894,2596301,407810.0,3398540.0,10,330,3,3,2585.0,9.2,509,6,5,407855,3398600,509,21,6,-85.38,519,45.0,60.0,75.0,0,-293.13010235415595,-10,6,0,7.594643368591445
895,2596301,407810.0,3398540.0,10,330,3,3,2585.0,9.2,509,6,5,407795,3398500,508,0,5,-91.86,519,-15.0,-40.0,42.720018726587654,-1,-129.44395478041653,-11,6,0,14.43945593735666
896,2596301,407810.0,3398540.0,10,330,3,3,2585.0,9.2,509,6,5,407880,3398625,509,0,6,-84.33,519,70.0,85.0,110.11357772772621,0,-290.5275401516562,-10,6,0,5.189100328112662
897,2596301,407810.0,3398540.0,10,330,3,3,2585.0,9.2,509,6,5,407680,3398425,505,0,13,-103.0,519,-130.0,-115.0,173.5655495770978,-4,-101.49646835521557,-14,6,0,4.611560523608307
898,2596301,407810.0,3398540.0,10,330,3,3,2585.0,9.2,509,6,5,407775,3398520,509,6,5,-97.83,519,-35.0,-20.0,40.311288741492746,0,-89.74488129694222,-10,6,0,13.932091549258061
899,2596301,407810.0,3398540.0,10,330,3,3,2585.0,9.2,509,6,5,407780,3398485,507,0,13,-88.73,519,-30.0,-55.0,62.64982043070834,-2,-121.38954033403479,-12,6,0,10.843151267830976
900,2596301,407810.0,3398540.0,10,330,3,3,2585.0,9.2,509,6,5,407760,3398505,509,6,5,-89.75,519,-50.0,-35.0,61.032778078668514,0,-94.99202019855869,-10,6,0,9.305027682630422
901,2596301,407810.0,3398540.0,10,330,3,3,2585.0,9.2,509,6,5,407790,3398495,507,0,5,-94.1,519,-20.0,-45.0,49.24428900898052,-2,-126.03751102542182,-12,6,0,13.69509772939726
902,2596301,407810.0,3398540.0,10,330,3,3,2585.0,9.2,509,6,5,407875,3398580,509,0,5,-84.57,519,65.0,40.0,76.32168761236873,0,-271.6075022462489,-10,6,0,7.464620452525394
903,2596301,407810.0,3398540.0,10,330,3,3,2585.0,9.2,509,6,5,407685,3398430,505,0,13,-99.25,519,-125.0,-110.0,166.50825805346713,-4,-101.34777721969368,-14,6,0,4.806119967338853
904,2596301,407810.0,3398540.0,10,330,3,3,2585.0,9.2,509,6,5,407750,3398455,506,0,2,-97.8,519,-60.0,-85.0,104.04326023342406,-3,-114.78240703180728,-13,6,0,7.12208426126698
905,2596301,407810.0,3398540.0,10,330,3,3,2585.0,9.2,509,6,5,407940,3398645,508,9,6,-99.2,519,130.0,105.0,167.10774967068403,-1,-278.9275435927923,-11,6,0,3.7661067881585075
906,2596301,407810.0,3398540.0,10,330,3,3,2585.0,9.2,509,6,5,407820,3398525,508,0,13,-82.56,519,10.0,-15.0,18.027756377319946,-1,-183.69006752597977,-11,6,0,31.390298345675202
907,2596301,407810.0,3398540.0,10,330,3,3,2585.0,9.2,509,6,5,407755,3398460,507,0,5,-95.67,519,-55.0,-80.0,97.082439194738,-2,-115.49147701233159,-12,6,0,7.046377649401457
908,2596301,407810.0,3398540.0,10,330,3,3,2585.0,9.2,509,6,5,407925,3398670,508,5,5,-95.67,519,115.0,130.0,173.5655495770978,-1,-288.50353164478446,-11,6,0,3.626363520669304
909,2596301,407810.0,3398540.0,10,330,3,3,2585.0,9.2,509,6,5,407860,3398565,509,0,5,-85.45,519,50.0,25.0,55.90169943749474,0,-266.565051177078,-10,6,0,10.142106156573984
910,2596301,407810.0,3398540.0,10,330,3,3,2585.0,9.2,509,6,5,407740,3398445,506,0,5,-89.25,519,-70.0,-95.0,118.00423721205946,-3,-113.61564818416412,-13,6,0,6.286669423978999
911,2596301,407810.0,3398540.0,10,330,3,3,2585.0,9.2,509,6,5,407735,3398480,508,0,5,-93.67,519,-75.0,-60.0,96.04686356149273,-1,-98.65980825409011,-11,6,0,6.533471851377668
912,2596301,407810.0,3398540.0,10,330,3,3,2585.0,9.2,509,6,5,407920,3398665,508,5,5,-96.57,519,110.0,125.0,166.50825805346713,-1,-288.6522227803063,-11,6,0,3.779626939779925
913,2596301,407810.0,3398540.0,10,330,3,3,2585.0,9.2,509,6,5,407575,3398945,506,0,15,-107.0,519,-235.0,405.0,468.2413907377262,-3,-0.12431799836122082,-13,6,0,1.5903204179293673
914,2596301,407810.0,3398540.0,10,330,3,3,2585.0,9.2,509,6,5,407675,3398565,507,0,5,-94.0,519,-135.0,25.0,137.2953021774598,-2,-49.508522987668414,-12,6,0,4.995120268354493
915,2596301,407810.0,3398540.0,10,330,3,3,2585.0,9.2,509,6,5,407630,3398540,506,0,15,-93.33,519,-180.0,0.0,180.0,-3,-60.0,-13,6,0,4.130856233276415
916,2596301,407810.0,3398540.0,10,330,3,3,2585.0,9.2,509,6,5,407780,3398810,507,0,15,-103.5,519,-30.0,270.0,271.6615541441225,-2,23.65980825409008,-12,6,0,2.5292599556711415
917,2596301,407810.0,3398540.0,10,330,3,3,2585.0,9.2,509,6,5,407710,3398740,506,5,5,-97.5,519,-100.0,200.0,223.60679774997897,-3,3.434948822922024,-13,6,0,3.3273033143729522
918,2596301,407810.0,3398540.0,10,330,3,3,2585.0,9.2,509,6,5,407720,3398790,508,0,15,-99.0,519,-90.0,250.0,265.70660511172844,-1,10.201123645475093,-11,6,0,2.3706369072251374
919,2596301,407810.0,3398540.0,10,330,3,3,2585.0,9.2,509,6,5,407730,3398800,508,0,5,-102.5,519,-80.0,260.0,272.02941017470886,-1,12.89727103094765,-11,6,0,2.3155966638896626
920,2596301,407810.0,3398540.0,10,330,3,3,2585.0,9.2,509,6,5,407640,3398725,503,5,15,-95.0,519,-170.0,185.0,251.24689052802225,-6,-12.580490783343691,-16,6,0,3.64381116971446
921,2596301,407810.0,3398540.0,10,330,3,3,2585.0,9.2,509,6,5,407950,3398635,508,0,5,-93.5,519,140.0,95.0,169.1892431568863,-1,-274.1596945456694,-11,6,0,3.719904206283326
922,2596301,407810.0,3398540.0,10,330,3,3,2585.0,9.2,509,6,5,407840,3398685,507,0,5,-89.25,519,30.0,145.0,148.07092894960846,-2,-318.3106308245608,-12,6,0,4.633252616601338
923,2596301,407810.0,3398540.0,10,330,3,3,2585.0,9.2,509,6,5,408140,3398745,508,0,5,-94.0,519,330.0,205.0,388.4906691286163,-1,-271.84905131905526,-11,6,0,1.6218799475840167
924,2596301,407810.0,3398540.0,10,330,3,3,2585.0,9.2,509,6,5,407845,3398690,507,0,5,-99.0,519,35.0,150.0,154.02921800749363,-2,-316.86597769360367,-12,6,0,4.454761046465503
925,2596301,407810.0,3398540.0,10,330,3,3,2585.0,9.2,509,6,5,407930,3398615,509,0,5,-83.0,519,120.0,75.0,141.50971698084905,0,-272.0053832080835,-10,6,0,4.042174045251348
926,2596301,407810.0,3398540.0,10,330,3,3,2585.0,9.2,509,6,5,408125,3398730,507,0,6,-93.0,519,315.0,190.0,367.8654645383282,-2,-271.09731288577944,-12,6,0,1.8683614014161631
927,2596301,407810.0,3398540.0,10,330,3,3,2585.0,9.2,509,6,5,407985,3398590,507,0,5,-94.13,519,175.0,50.0,182.00274723201295,-2,-255.94539590092285,-12,6,0,3.7722268332223177
928,2596301,407810.0,3398540.0,10,330,3,3,2585.0,9.2,509,6,5,407940,3398625,508,0,13,-92.0,519,130.0,85.0,155.32224567009067,-1,-273.1785116593927,-11,6,0,4.05095254268601
929,2596301,407810.0,3398540.0,10,330,3,3,2585.0,9.2,509,6,5,407880,3398645,509,0,5,-89.5,519,70.0,105.0,126.19429464123962,0,-296.30993247402023,-10,6,0,4.53081505282546
930,2596301,407810.0,3398540.0,10,330,3,3,2585.0,9.2,509,6,5,407850,3398695,507,0,5,-95.0,519,40.0,155.0,160.0781059358212,-2,-315.52970589993413,-12,6,0,4.2870683525192215
931,2596301,407810.0,3398540.0,10,330,3,3,2585.0,9.2,509,6,5,407915,3398680,508,0,15,-103.5,519,105.0,140.0,175.0,-1,-293.13010235415595,-11,6,0,3.5967170776284667
932,2596301,407810.0,3398540.0,10,330,3,3,2585.0,9.2,509,6,5,407705,3398550,509,0,5,-86.5,519,-105.0,10.0,105.47511554864494,0,-54.55966796899452,-10,6,0,5.415971951341969
933,2596301,407810.0,3398540.0,10,330,3,3,2585.0,9.2,509,6,5,407715,3398560,510,0,5,-88.0,519,-95.0,20.0,97.082439194738,1,-48.11134196037199,-9,6,0,5.296450755686863
934,2596301,407810.0,3398540.0,10,330,3,3,2585.0,9.2,509,6,5,407960,3398565,509,6,5,-90.56,519,150.0,25.0,152.0690632574555,0,-249.46232220802563,-10,6,0,3.76233031232997
935,2596301,407810.0,3398540.0,10,330,3,3,2585.0,9.2,509,6,5,408120,3398725,507,0,6,-92.17,519,310.0,185.0,361.00554012369395,-2,-270.82766229986805,-12,6,0,1.9038386235628129
936,2596301,407810.0,3398540.0,10,330,3,3,2585.0,9.2,509,6,5,407795,3398480,507,0,13,-90.3,519,-15.0,-60.0,61.84658438426491,-2,-135.96375653207352,-12,6,0,10.98057542761216
937,2596301,407810.0,3398540.0,10,330,3,3,2585.0,9.2,509,6,5,407975,3398580,508,0,5,-91.14,519,165.0,40.0,169.77926846349644,-1,-253.6269948598915,-11,6,0,3.707012720590273
938,2596301,407810.0,3398540.0,10,330,3,3,2585.0,9.2,509,6,5,407700,3398545,509,0,5,-84.75,519,-110.0,5.0,110.11357772772621,0,-57.397437797500174,-10,6,0,5.189100328112662
939,2596301,407810.0,3398540.0,10,330,3,3,2585.0,9.2,509,6,5,407680,3398525,508,0,5,-88.67,519,-130.0,-15.0,130.86252328302402,-1,-66.581944655178,-11,6,0,4.804854953079309
940,2596301,407810.0,3398540.0,10,330,3,3,2585.0,9.2,509,6,5,407905,3398670,509,5,6,-90.5,519,95.0,130.0,161.01242188104618,0,-293.84181456019166,-10,6,0,3.5539047384872937
941,2596301,407810.0,3398540.0,10,330,3,3,2585.0,9.2,509,6,5,407695,3398540,509,0,5,-87.0,519,-115.0,0.0,115.0,0,-60.0,-10,6,0,4.969740728110304
942,2596301,407810.0,3398540.0,10,330,3,3,2585.0,9.2,509,6,5,407990,3398595,507,0,13,-87.57,519,180.0,55.0,188.2153022471871,-2,-256.99082329198615,-12,6,0,3.648056237465763
943,2596301,407810.0,3398540.0,10,330,3,3,2585.0,9.2,509,6,5,407980,3398585,508,0,5,-94.86,519,170.0,45.0,175.85505395068975,-1,-254.82647997035565,-11,6,0,3.5792744582412483
944,2596301,407810.0,3398540.0,10,330,3,3,2585.0,9.2,509,6,5,407965,3398570,508,0,5,-94.54,519,155.0,30.0,157.87653403846943,-1,-250.95406264339834,-11,6,0,3.985625033626614
945,2596301,407810.0,3398540.0,10,330,3,3,2585.0,9.2,509,6,5,407765,3398450,506,0,5,-104.86,519,-45.0,-90.0,100.62305898749054,-3,-123.434948822922,-13,6,0,7.361553074385967
946,2596301,407810.0,3398540.0,10,330,3,3,2585.0,9.2,509,6,5,407775,3398460,506,0,13,-97.92,519,-35.0,-80.0,87.32124598286491,-3,-126.37062226934319,-13,6,0,8.46774764155561
947,2596301,407810.0,3398540.0,10,330,3,3,2585.0,9.2,509,6,5,407790,3398475,506,0,13,-88.2,519,-20.0,-65.0,68.00735254367721,-3,-132.89727103094762,-13,6,0,10.82186874025566
948,2596301,407810.0,3398540.0,10,330,3,3,2585.0,9.2,509,6,5,407995,3398600,507,0,13,-87.55,519,185.0,60.0,194.48650338776724,-2,-257.969139740157,-12,6,0,3.5307274709018532
949,2596301,407810.0,3398540.0,10,330,3,3,2585.0,9.2,509,6,5,408135,3398740,508,0,5,-92.33,519,325.0,200.0,381.6084380618437,-1,-271.6075022462489,-11,6,0,1.6511141769170958
950,2596301,407810.0,3398540.0,10,330,3,3,2585.0,9.2,509,6,5,407785,3398470,506,0,13,-89.63,519,-25.0,-70.0,74.33034373659252,-3,-130.3461759419467,-13,6,0,9.920404023112157
951,2596301,407810.0,3398540.0,10,330,3,3,2585.0,9.2,509,6,5,408150,3398755,508,0,5,-93.6,519,340.0,215.0,402.2747817102136,-1,-272.3073344548821,-11,6,0,1.5663337326938302
952,2596301,407810.0,3398540.0,10,330,3,3,2585.0,9.2,509,6,5,407970,3398575,508,0,5,-92.2,519,160.0,35.0,163.783393541592,-1,-252.3390872783262,-11,6,0,3.842321773501071
953,2596301,407810.0,3398540.0,10,330,3,3,2585.0,9.2,509,6,5,407780,3398465,506,0,13,-92.6,519,-30.0,-75.0,80.77747210701756,-3,-128.19859051364818,-13,6,0,9.142557244163738
954,2596301,407810.0,3398540.0,10,330,3,3,2585.0,9.2,509,6,5,407925,3398610,509,0,5,-88.0,519,115.0,70.0,134.6291201783626,0,-271.32869286780414,-10,6,0,4.248022666728544
955,2596301,407810.0,3398540.0,10,330,3,3,2585.0,9.2,509,6,5,408130,3398735,508,0,6,-88.6,519,320.0,195.0,374.73323845103465,-1,-271.3570852240099,-11,6,0,1.681389799480563
956,2596301,407810.0,3398540.0,10,330,3,3,2585.0,9.2,509,6,5,407760,3398445,506,0,2,-91.33,519,-50.0,-95.0,107.35455276791944,-3,-122.24145939893998,-13,6,0,6.9045612699591326
957,2596301,407810.0,3398540.0,10,330,3,3,2585.0,9.2,509,6,5,408145,3398750,508,0,5,-92.0,519,335.0,210.0,395.37956446938426,-1,-272.082187156066,-11,6,0,1.593635825778461
958,2596301,407810.0,3398540.0,10,330,3,3,2585.0,9.2,509,6,5,408155,3398760,508,0,5,-93.56,519,345.0,220.0,409.1760012512953,-1,-272.52489028779104,-11,6,0,1.5399285588224316
959,2596301,407810.0,3398540.0,10,330,3,3,2585.0,9.2,509,6,5,407935,3398620,508,0,5,-89.0,519,125.0,80.0,148.4082207965583,-1,-272.61924307119284,-11,6,0,4.2390051402537425
960,2596301,407810.0,3398540.0,10,330,3,3,2585.0,9.2,509,6,5,407945,3398630,508,0,5,-86.33,519,135.0,90.0,162.24980739587951,-1,-273.69006752597977,-11,6,0,3.878529092929079
961,2596301,407810.0,3398540.0,10,330,3,3,2585.0,9.2,509,6,5,407955,3398640,507,9,5,-93.75,519,145.0,100.0,176.13914953808538,-2,-274.59228868750995,-12,6,0,3.897421861160809
962,2596301,407810.0,3398540.0,10,330,3,3,2585.0,9.2,509,6,5,407770,3398455,506,0,13,-101.39,519,-40.0,-85.0,93.94147114027967,-3,-124.79887635452494,-13,6,0,7.878782283571308
963,2596301,407810.0,3398540.0,10,330,3,3,2585.0,9.2,509,6,5,407685,3398530,508,0,5,-98.0,519,-125.0,-10.0,125.39936203984452,-1,-64.57392125990089,-11,6,0,5.013139128924395
964,2596301,407810.0,3398540.0,10,330,3,3,2585.0,9.2,509,6,5,407710,3398555,510,0,5,-88.5,519,-100.0,15.0,101.11874208078342,1,-51.46923439005184,-9,6,0,5.086166919483483
965,2596301,407810.0,3398540.0,10,330,3,3,2585.0,9.2,509,6,5,407910,3398675,509,5,15,-94.5,519,100.0,135.0,168.00297616411441,0,-293.47114463301483,-10,6,0,3.40638355211632
966,2596301,407810.0,3398540.0,10,330,3,3,2585.0,9.2,509,6,5,408015,3398645,506,0,10,-92.89,519,205.0,105.0,230.32585612562042,-3,-267.12130340415865,-13,6,0,3.2304479835823714
967,2596301,407810.0,3398540.0,10,330,3,3,2585.0,9.2,509,6,5,408025,3398675,506,0,5,-96.32,519,215.0,135.0,253.87004549572208,-3,-272.1249984403875,-13,6,0,2.931401825425804
968,2596301,407810.0,3398540.0,10,330,3,3,2585.0,9.2,509,6,5,408020,3398680,506,0,5,-98.4,519,210.0,140.0,252.38858928247924,-3,-273.69006752597977,-13,6,0,2.9485781261954402
969,2596301,407810.0,3398540.0,10,330,3,3,2585.0,9.2,509,6,5,408070,3398710,506,0,6,-91.5,519,260.0,170.0,310.64449134018133,-3,-273.1785116593927,-13,6,0,2.396343074290392
970,2596301,407810.0,3398540.0,10,330,3,3,2585.0,9.2,509,6,5,408030,3398670,506,0,10,-93.5,519,220.0,130.0,255.53864678361276,-3,-270.579226872489,-13,6,0,2.9122935893993063
971,2596301,407810.0,3398540.0,10,330,3,3,2585.0,9.2,509,6,5,408010,3398650,506,0,10,-92.21,519,200.0,110.0,228.25424421026653,-3,-268.81079374297303,-13,6,0,3.2597042534453085
972,2596301,407810.0,3398540.0,10,330,3,3,2585.0,9.2,509,6,5,408060,3398720,506,0,6,-92.63,519,250.0,180.0,308.05843601498725,-3,-275.75388725443673,-13,6,0,2.4164358866967137
973,2596301,407810.0,3398540.0,10,330,3,3,2585.0,9.2,509,6,5,408040,3398700,506,0,5,-92.5,519,230.0,160.0,280.178514522438,-3,-274.8244891569568,-13,6,0,2.656560967962645
974,2596301,407810.0,3398540.0,10,330,3,3,2585.0,9.2,509,6,5,408005,3398655,506,0,5,-93.38,519,195.0,115.0,226.38462845343543,-3,-270.52970589993413,-13,6,0,3.2865660126348764
975,2596301,407810.0,3398540.0,10,330,3,3,2585.0,9.2,509,6,5,408035,3398665,506,0,10,-94.5,519,225.0,125.0,257.390753524675,-3,-269.05460409907715,-13,6,0,2.8913732856072327
976,2596301,407810.0,3398540.0,10,330,3,3,2585.0,9.2,509,6,5,408045,3398695,506,0,5,-91.08,519,235.0,155.0,281.51376520518494,-3,-273.4078245897089,-13,6,0,2.643978530663619
977,2596301,407810.0,3398540.0,10,330,3,3,2585.0,9.2,509,6,5,408075,3398705,506,0,5,-93.83,519,265.0,165.0,312.1698255757593,-3,-271.90810693565317,-13,6,0,2.3846475359916726
978,2596301,407810.0,3398540.0,10,330,3,3,2585.0,9.2,509,6,5,408000,3398660,506,0,5,-91.0,519,190.0,120.0,224.72205054244233,-3,-272.2756443145776,-13,6,0,3.3108273660462997
979,2596301,407810.0,3398540.0,10,330,3,3,2585.0,9.2,509,6,5,408055,3398685,506,0,5,-93.0,519,245.0,145.0,284.6928169097352,-3,-270.6186054089094,-13,6,0,2.6144954697916103
980,2596301,407810.0,3398540.0,10,330,3,3,2585.0,9.2,509,6,5,408050,3398690,506,0,5,-94.37,519,240.0,150.0,283.0194339616981,-3,-272.0053832080835,-13,6,0,2.629932316228038
981,2596301,407810.0,3398540.0,10,330,3,3,2585.0,9.2,509,6,5,408065,3398715,506,0,6,-88.83,519,255.0,175.0,309.2733418838423,-3,-274.46081627137175,-13,6,0,2.4069546860645894
982,2596301,407810.0,3398540.0,10,330,3,3,2585.0,9.2,509,6,5,407625,3398455,505,6,6,-98.0,519,-185.0,-85.0,203.59273071502332,-4,-84.67686317033707,-14,6,0,3.9337365038805916
983,2596301,407810.0,3398540.0,10,330,3,3,2585.0,9.2,509,6,5,407670,3398410,505,0,13,-96.0,519,-140.0,-130.0,191.049731745428,-4,-102.87890360333856,-14,6,0,4.191106255980144
984,2596301,407810.0,3398540.0,10,330,3,3,2585.0,9.2,509,6,5,407660,3398420,505,0,13,-100.0,519,-150.0,-120.0,192.09372712298546,-4,-98.65980825409011,-14,6,0,4.168408843497471
985,2596301,407810.0,3398540.0,10,330,3,3,2585.0,9.2,509,6,5,407740,3398675,507,5,15,-85.5,519,-70.0,135.0,152.0690632574555,-2,2.592424562181577,-12,6,0,4.511946864480255
986,2596301,407810.0,3398540.0,10,330,3,3,2585.0,9.2,509,6,5,407745,3398680,507,5,15,-83.0,519,-65.0,140.0,154.35349040433132,-2,5.095231191904816,-12,6,0,4.4454398472045025
987,2596301,407810.0,3398540.0,10,330,3,3,2585.0,9.2,509,6,5,407785,3398640,507,0,15,-73.33,519,-25.0,100.0,103.07764064044152,-2,15.963756532073546,-12,6,0,6.640317538681618
988,2596301,407810.0,3398540.0,10,330,3,3,2585.0,9.2,509,6,5,407795,3398630,507,0,15,-77.2,519,-15.0,90.0,91.2414379544733,-2,20.537677791974374,-12,6,0,7.492492028240438
989,2596301,407810.0,3398540.0,10,330,3,3,2585.0,9.2,509,6,5,407755,3398670,507,0,15,-93.5,519,-55.0,130.0,141.15594213493105,-2,7.0678995624102186,-12,6,0,4.859166107393064
990,2596301,407810.0,3398540.0,10,330,3,3,2585.0,9.2,509,6,5,407945,3398480,508,96,13,-94.5,519,135.0,-60.0,147.73286702694156,-1,-216.0375110254218,-11,6,0,4.25831243021078
991,2596301,407810.0,3398540.0,10,330,3,3,2585.0,9.2,509,6,5,407815,3398570,508,0,6,-84.5,519,5.0,30.0,30.4138126514911,-1,-320.5376777919744,-11,6,0,19.883931077618954
992,2596301,407810.0,3398540.0,10,330,3,3,2585.0,9.2,509,6,5,407765,3398620,508,5,15,-84.5,519,-45.0,80.0,91.7877987534291,-1,0.6422464572087279,-11,6,0,6.833828481222442
993,2596301,407810.0,3398540.0,10,330,3,3,2585.0,9.2,509,6,5,407835,3398590,508,0,6,-79.17,519,25.0,50.0,55.90169943749474,-1,-303.434948822922,-11,6,0,11.132094625040832
994,2596301,407810.0,3398540.0,10,330,3,3,2585.0,9.2,509,6,5,407895,3398490,507,96,5,-88.83,519,85.0,-50.0,98.6154146165801,-2,-209.5344550805401,-12,6,0,6.9379176799116875
995,2596301,407810.0,3398540.0,10,330,3,3,2585.0,9.2,509,6,5,407840,3398535,509,0,5,-84.26,519,30.0,-5.0,30.4138126514911,0,-230.53767779197437,-10,6,0,18.20076026453332
996,2596301,407810.0,3398540.0,10,330,3,3,2585.0,9.2,509,6,5,407910,3398505,508,0,6,-88.89,519,100.0,-35.0,105.94810050208545,-1,-220.70995378081125,-11,6,0,5.9274635260899755
997,2596301,407810.0,3398540.0,10,330,3,3,2585.0,9.2,509,6,5,407780,3398635,507,0,15,-87.5,519,-30.0,95.0,99.62429422585637,-2,12.474431626277124,-12,6,0,6.868333007857803
998,2596301,407810.0,3398540.0,10,330,3,3,2585.0,9.2,509,6,5,407915,3398510,508,0,6,-88.12,519,105.0,-30.0,109.20164833920778,-1,-224.05460409907715,-11,6,0,5.752063209281633
999,2596301,407810.0,3398540.0,10,330,3,3,2585.0,9.2,509,6,5,407940,3398475,508,96,13,-90.71,519,130.0,-65.0,145.34441853748632,-1,-213.43494882292202,-11,6,0,4.328025631797275
1000,2596301,407810.0,3398540.0,10,330,3,3,2585.0,9.2,509,6,5,407950,3398465,508,0,5,-94.0,519,140.0,-75.0,158.8238017426859,-1,-211.82140989004085,-11,6,0,3.9619296274579745
1001,2596301,407810.0,3398540.0,10,330,3,3,2585.0,9.2,509,6,5,407750,3398665,507,0,15,-90.0,519,-60.0,125.0,138.6542462386205,-2,4.358994175694704,-12,6,0,4.946407400946227
1002,2596301,407810.0,3398540.0,10,330,3,3,2585.0,9.2,509,6,5,407850,3398525,508,0,5,-86.02,519,40.0,-15.0,42.720018726587654,-1,-219.44395478041656,-11,6,0,14.43945593735666
1003,2596301,407810.0,3398540.0,10,330,3,3,2585.0,9.2,509,6,5,407855,3398530,509,0,5,-85.06,519,45.0,-10.0,46.09772228646444,0,-227.47119229084848,-10,6,0,12.23955829777656
1004,2596301,407810.0,3398540.0,10,330,3,3,2585.0,9.2,509,6,5,407825,3398600,508,0,5,-79.13,519,15.0,60.0,61.84658438426491,-1,-315.96375653207355,-11,6,0,10.085134498148449
1005,2596301,407810.0,3398540.0,10,330,3,3,2585.0,9.2,509,6,5,407875,3398550,509,0,5,-88.7,519,65.0,10.0,65.76473218982953,0,-248.74616226255523,-10,6,0,8.646004980314505
1006,2596301,407810.0,3398540.0,10,330,3,3,2585.0,9.2,509,6,5,407860,3398555,509,0,5,-82.0,519,50.0,15.0,52.20153254455275,0,-256.6992442339936,-10,6,0,10.844500067342357
1007,2596301,407810.0,3398540.0,10,330,3,3,2585.0,9.2,509,6,5,407870,3398545,509,0,6,-83.83,519,60.0,5.0,60.207972893961475,0,-244.76364169072616,-10,6,0,9.430225138005694
1008,2596301,407810.0,3398540.0,10,330,3,3,2585.0,9.2,509,6,5,407865,3398560,509,0,6,-85.94,519,55.0,20.0,58.52349955359813,0,-259.98310652189997,-10,6,0,9.696570807062264
1009,2596301,407810.0,3398540.0,10,330,3,3,2585.0,9.2,509,6,5,407845,3398540,509,0,13,-81.58,519,35.0,0.0,35.0,0,-240.0,-10,6,0,15.945395900922854
1010,2596301,407810.0,3398540.0,10,330,3,3,2585.0,9.2,509,6,5,407790,3398625,507,5,15,-79.2,519,-20.0,85.0,87.32124598286491,-2,16.75948008481282,-12,6,0,7.824780305973354
1011,2596301,407810.0,3398540.0,10,330,3,3,2585.0,9.2,509,6,5,407820,3398595,508,0,5,-85.0,519,10.0,55.0,55.90169943749474,-1,-319.695153531234,-11,6,0,11.132094625040832
1012,2596301,407810.0,3398540.0,10,330,3,3,2585.0,9.2,509,6,5,407830,3398585,508,0,6,-85.4,519,20.0,45.0,49.24428900898052,-1,-306.0375110254218,-11,6,0,12.591796525644218
1013,2596301,407810.0,3398540.0,10,330,3,3,2585.0,9.2,509,6,5,407880,3398495,507,0,6,-87.65,519,70.0,-45.0,83.21658488546619,-2,-207.26477372789242,-12,6,0,8.205603007758057
1014,2596301,407810.0,3398540.0,10,330,3,3,2585.0,9.2,509,6,5,407900,3398515,508,0,5,-93.0,519,90.0,-25.0,93.40770846134703,-1,-224.47588900324575,-11,6,0,6.716405928399258
1015,2596301,407810.0,3398540.0,10,330,3,3,2585.0,9.2,509,6,5,407890,3398485,507,6,5,-94.7,519,80.0,-55.0,97.082439194738,-2,-205.4914770123316,-12,6,0,7.046377649401457
1016,2596301,407810.0,3398540.0,10,330,3,3,2585.0,9.2,509,6,5,407905,3398520,508,0,5,-93.57,519,95.0,-20.0,97.082439194738,-1,-228.111341960372,-11,6,0,6.4643725522177515
1017,2596301,407810.0,3398540.0,10,330,3,3,2585.0,9.2,509,6,5,407885,3398500,507,0,6,-89.79,519,75.0,-40.0,85.0,-2,-211.92751306414704,-12,6,0,8.035710710534794
1018,2596301,407810.0,3398540.0,10,330,3,3,2585.0,9.2,509,6,5,407630,3398510,506,0,15,-92.33,519,-180.0,-30.0,182.4828759089466,-3,-69.46232220802563,-13,6,0,4.074842117056897
1019,2596301,407810.0,3398540.0,10,330,3,3,2585.0,9.2,509,6,5,407625,3398515,506,5,5,-96.5,519,-185.0,-25.0,186.6815470259447,-3,-67.69605172201659,-13,6,0,3.9834929087348847
1020,2596301,407810.0,3398540.0,10,330,3,3,2585.0,9.2,509,6,5,408110,3398690,506,18,6,-98.67,519,300.0,150.0,335.4101966249685,-3,-266.565051177078,-13,6,0,2.2195881421350703
1021,2596301,407810.0,3398540.0,10,330,3,3,2585.0,9.2,509,6,5,408020,3398620,506,0,13,-89.71,519,210.0,80.0,224.72205054244233,-3,-260.85445803957833,-13,6,0,3.3108273660462997
1022,2596301,407810.0,3398540.0,10,330,3,3,2585.0,9.2,509,6,5,408085,3398715,506,0,5,-93.75,519,275.0,175.0,325.96012026013244,-3,-272.4711922908485,-13,6,0,2.2838701727275503
1023,2596301,407810.0,3398540.0,10,330,3,3,2585.0,9.2,509,6,5,408090,3398710,506,0,5,-95.6,519,280.0,170.0,327.566787083184,-3,-271.26373169437744,-13,6,0,2.2726799012534635
1024,2596301,407810.0,3398540.0,10,330,3,3,2585.0,9.2,509,6,5,408095,3398705,506,0,5,-94.44,519,285.0,165.0,329.31747600150226,-3,-270.06858282186244,-13,6,0,2.2606106461565325
1025,2596301,407810.0,3398540.0,10,330,3,3,2585.0,9.2,509,6,5,408100,3398700,506,0,13,-91.8,519,290.0,160.0,331.2099032335839,-3,-268.8865817669107,-13,6,0,2.2477075274895366
1026,2596301,407810.0,3398540.0,10,330,3,3,2585.0,9.2,509,6,5,408005,3398635,506,0,10,-93.0,519,195.0,95.0,216.91011963483862,-3,-265.97439396243135,-13,6,0,3.4297857706274346
1027,2596301,407810.0,3398540.0,10,330,3,3,2585.0,9.2,509,6,5,408080,3398720,506,0,5,-91.6,519,270.0,180.0,324.49961479175903,-3,-273.69006752597977,-13,6,0,2.294138440214794
1028,2596301,407810.0,3398540.0,10,330,3,3,2585.0,9.2,509,6,5,408000,3398640,506,0,10,-92.5,519,190.0,100.0,214.7091055358389,-3,-267.75854060106,-13,6,0,3.4648597778446772
1029,2596301,407810.0,3398540.0,10,330,3,3,2585.0,9.2,509,6,5,408010,3398630,506,0,10,-91.88,519,200.0,90.0,219.31712199461307,-3,-264.22774531795415,-13,6,0,3.3922323079162062
1030,2596301,407810.0,3398540.0,10,330,3,3,2585.0,9.2,509,6,5,408015,3398625,506,0,13,-90.4,519,205.0,85.0,221.92341021172146,-3,-262.5205656028969,-13,6,0,3.3524850353658078
1031,2596301,407810.0,3398540.0,10,330,3,3,2585.0,9.2,509,6,5,408105,3398695,506,0,5,-103.0,519,295.0,155.0,333.24165405903267,-3,-267.7185016281834,-13,6,0,2.23401734129229
1032,2596301,407810.0,3398540.0,10,330,3,3,2585.0,9.2,509,6,5,408030,3398610,506,96,13,-89.0,519,220.0,70.0,230.8679276123039,-3,-257.65012421993015,-13,6,0,3.2228789895314747
1033,2596301,407810.0,3398540.0,10,330,3,3,2585.0,9.2,509,6,5,408025,3398615,506,0,13,-88.6,519,215.0,75.0,227.705950734714,-3,-259.2306723756613,-13,6,0,3.2675363127772346
1034,2596301,407810.0,3398540.0,10,330,3,3,2585.0,9.2,509,6,5,407645,3398565,505,0,5,-94.5,519,-165.0,25.0,166.88319268278636,-4,-51.384351815835885,-14,6,0,4.795372521242578
1035,2596301,407810.0,3398540.0,10,330,3,3,2585.0,9.2,509,6,5,407760,3398600,508,5,6,-99.0,519,-50.0,60.0,78.10249675906654,-1,-9.805571092265211,-11,6,0,8.016840117433828
1036,2596301,407810.0,3398540.0,10,330,3,3,2585.0,9.2,509,6,5,407710,3398650,507,5,5,-86.0,519,-100.0,110.0,148.66068747318505,-2,-12.273689006093718,-12,6,0,4.614951383964139
1037,2596301,407810.0,3398540.0,10,330,3,3,2585.0,9.2,509,6,5,407735,3398705,506,0,5,-86.9,519,-75.0,165.0,181.24568960391858,-3,5.556045219583439,-13,6,0,4.102562407683679
1038,2596301,407810.0,3398540.0,10,330,3,3,2585.0,9.2,509,6,5,408210,3398870,507,0,5,-104.0,519,400.0,330.0,518.555686498567,-2,-279.5226312711711,-12,6,0,1.3256563961465035
1039,2596301,407810.0,3398540.0,10,330,3,3,2585.0,9.2,509,6,5,407785,3398575,509,5,5,-81.5,519,-25.0,35.0,43.01162633521314,0,-5.5376777919743745,-10,6,0,13.088476085833271
1040,2596301,407810.0,3398540.0,10,330,3,3,2585.0,9.2,509,6,5,407855,3398505,508,0,13,-88.4,519,45.0,-35.0,57.0087712549569,-1,-202.1250163489018,-11,6,0,10.921164573050607
1041,2596301,407810.0,3398540.0,10,330,3,3,2585.0,9.2,509,6,5,407965,3398475,509,0,5,-105.5,519,155.0,-65.0,168.0773631397161,0,-217.24902365721238,-10,6,0,3.4048795167681547
1042,2596301,407810.0,3398540.0,10,330,3,3,2585.0,9.2,509,6,5,407910,3398530,509,0,10,-88.57,519,100.0,-10.0,100.4987562112089,0,-234.28940686250036,-10,6,0,5.6824384835168384
1043,2596301,407810.0,3398540.0,10,330,3,3,2585.0,9.2,509,6,5,407870,3398490,507,0,6,-89.86,519,60.0,-50.0,78.10249675906654,-2,-200.1944289077348,-12,6,0,8.734861486585647
1044,2596301,407810.0,3398540.0,10,330,3,3,2585.0,9.2,509,6,5,407750,3398690,506,5,15,-87.45,519,-60.0,150.0,161.55494421403512,-3,8.198590513648185,-13,6,0,4.600563025079714
1045,2596301,407810.0,3398540.0,10,330,3,3,2585.0,9.2,509,6,5,407755,3398685,507,5,15,-84.96,519,-55.0,145.0,155.08062419270823,-2,9.227745317954145,-12,6,0,4.424679270288279
1046,2596301,407810.0,3398540.0,10,330,3,3,2585.0,9.2,509,6,5,407770,3398590,509,0,15,-80.7,519,-40.0,50.0,64.03124237432849,0,-8.65980825409008,-10,6,0,8.876395080973342
1047,2596301,407810.0,3398540.0,10,330,3,3,2585.0,9.2,509,6,5,407880,3398560,509,0,5,-85.56,519,70.0,20.0,72.80109889280519,0,-255.94539590092285,-10,6,0,7.821235506499643
1048,2596301,407810.0,3398540.0,10,330,3,3,2585.0,9.2,509,6,5,408190,3398810,508,0,5,-99.0,519,380.0,270.0,466.1544808322666,-1,-275.3947958449871,-11,6,0,1.3517764119912532
1049,2596301,407810.0,3398540.0,10,330,3,3,2585.0,9.2,509,6,5,407810,3398630,507,0,5,-79.12,519,0.0,90.0,90.0,-2,-330.0,-12,6,0,7.594643368591445
1050,2596301,407810.0,3398540.0,10,330,3,3,2585.0,9.2,509,6,5,407815,3398625,507,0,5,-74.69,519,5.0,85.0,85.14693182963201,-2,-326.6335393365702,-12,6,0,8.02202473473309
1051,2596301,407810.0,3398540.0,10,330,3,3,2585.0,9.2,509,6,5,407865,3398495,507,0,5,-91.17,519,55.0,-45.0,71.06335201775947,-2,-200.71059313749964,-12,6,0,9.584740842280027
1052,2596301,407810.0,3398540.0,10,330,3,3,2585.0,9.2,509,6,5,407905,3398535,509,0,10,-95.5,519,95.0,-5.0,95.13148795220224,0,-236.98721249581666,-10,6,0,6.000761129266584
1053,2596301,407810.0,3398540.0,10,330,3,3,2585.0,9.2,509,6,5,407860,3398500,507,0,13,-89.31,519,50.0,-40.0,64.03124237432849,-2,-201.34019174590992,-12,6,0,10.614591467407537
1054,2596301,407810.0,3398540.0,10,330,3,3,2585.0,9.2,509,6,5,407890,3398550,509,0,10,-86.92,519,80.0,10.0,80.62257748298549,0,-247.1250163489018,-10,6,0,7.070555116965825
1055,2596301,407810.0,3398540.0,10,330,3,3,2585.0,9.2,509,6,5,407850,3398510,508,0,13,-87.62,519,40.0,-30.0,50.0,-1,-203.13010235415595,-11,6,0,12.407418527400745
1056,2596301,407810.0,3398540.0,10,330,3,3,2585.0,9.2,509,6,5,407845,3398515,508,0,13,-85.54,519,35.0,-25.0,43.01162633521314,-1,-204.46232220802563,-11,6,0,14.34561342352611
1057,2596301,407810.0,3398540.0,10,330,3,3,2585.0,9.2,509,6,5,407745,3398695,506,5,15,-86.17,519,-65.0,155.0,168.0773631397161,-3,7.249023657212376,-13,6,0,4.422755881576062
1058,2596301,407810.0,3398540.0,10,330,3,3,2585.0,9.2,509,6,5,407895,3398545,509,0,10,-91.42,519,85.0,5.0,85.14693182963201,0,-243.3664606634298,-10,6,0,6.698363436736243
1059,2596301,407810.0,3398540.0,10,330,3,3,2585.0,9.2,509,6,5,407840,3398520,508,0,13,-83.64,519,30.0,-20.0,36.05551275463989,-1,-206.30993247402023,-11,6,0,16.966167091928728
1060,2596301,407810.0,3398540.0,10,330,3,3,2585.0,9.2,509,6,5,407820,3398620,507,0,15,-74.33,519,10.0,80.0,80.62257748298549,-2,-322.8749836510982,-12,6,0,8.465848238967707
1061,2596301,407810.0,3398540.0,10,330,3,3,2585.0,9.2,509,6,5,407875,3398485,507,0,6,-93.54,519,65.0,-55.0,85.14693182963201,-2,-199.76364169072622,-12,6,0,8.02202473473309
1062,2596301,407810.0,3398540.0,10,330,3,3,2585.0,9.2,509,6,5,407805,3398635,507,0,15,-77.6,519,-5.0,95.0,95.13148795220224,-2,26.987212495816664,-12,6,0,7.189387258054675
1063,2596301,407810.0,3398540.0,10,330,3,3,2585.0,9.2,509,6,5,407790,3398570,509,5,6,-86.33,519,-20.0,30.0,36.05551275463989,0,-3.690067525979771,-10,6,0,15.501359566936996
1064,2596301,407810.0,3398540.0,10,330,3,3,2585.0,9.2,509,6,5,407795,3398565,509,0,6,-84.73,519,-15.0,25.0,29.154759474226502,0,-0.9637565320735462,-10,6,0,18.931823180865184
1065,2596301,407810.0,3398540.0,10,330,3,3,2585.0,9.2,509,6,5,407885,3398555,509,0,5,-87.69,519,75.0,15.0,76.48529270389177,0,-251.30993247402023,-10,6,0,7.4488328278635745
1066,2596301,407810.0,3398540.0,10,330,3,3,2585.0,9.2,509,6,5,407915,3398525,509,0,5,-93.83,519,105.0,-15.0,106.06601717798213,0,-231.86989764584405,-10,6,0,5.385977098599754
1067,2596301,407810.0,3398540.0,10,330,3,3,2585.0,9.2,509,6,5,407730,3398710,506,5,5,-87.67,519,-80.0,170.0,187.88294228055935,-3,4.798876354524907,-13,6,0,3.958102156427711
1068,2596301,407810.0,3398540.0,10,330,3,3,2585.0,9.2,509,6,5,407765,3398595,509,5,5,-81.0,519,-45.0,55.0,71.06335201775947,0,-9.289406862500357,-10,6,0,8.010038745332457
1069,2596301,407810.0,3398540.0,10,330,3,3,2585.0,9.2,509,6,5,407900,3398540,509,0,10,-90.93,519,90.0,0.0,90.0,0,-240.0,-10,6,0,6.34019174590991
1070,2596301,407810.0,3398540.0,10,330,3,3,2585.0,9.2,509,6,5,407830,3398610,508,0,5,-85.33,519,20.0,70.0,72.80109889280519,-1,-314.05460409907715,-11,6,0,8.592204814847051
1071,2596301,407810.0,3398540.0,10,330,3,3,2585.0,9.2,509,6,5,407800,3398640,507,0,15,-75.6,519,-10.0,100.0,100.4987562112089,-2,24.289406862500357,-12,6,0,6.809133658307788
1072,2596301,407810.0,3398540.0,10,330,3,3,2585.0,9.2,509,6,5,407835,3398605,508,0,5,-74.38,519,25.0,65.0,69.6419413859206,-1,-308.9624889745782,-11,6,0,8.975760350669326
1073,2596301,407810.0,3398540.0,10,330,3,3,2585.0,9.2,509,6,5,407740,3398700,506,0,15,-87.46,519,-70.0,160.0,174.64249196572982,-3,6.370622269343187,-13,6,0,4.257119536643397
1074,2596301,407810.0,3398540.0,10,330,3,3,2585.0,9.2,509,6,5,407825,3398615,508,0,15,-74.55,519,15.0,75.0,76.48529270389177,-1,-318.69006752597977,-11,6,0,8.184075096297432
1075,2596301,407810.0,3398540.0,10,330,3,3,2585.0,9.2,509,6,5,408175,3398770,508,0,5,-90.0,519,365.0,230.0,431.4220671222092,-1,-272.21654605857566,-11,6,0,1.460558232429954
1076,2596301,407810.0,3398540.0,10,330,3,3,2585.0,9.2,509,6,5,407755,3398590,509,5,6,-75.67,519,-55.0,50.0,74.33034373659252,0,-17.72631099390628,-10,6,0,7.662255660766065
1077,2596301,407810.0,3398540.0,10,330,3,3,2585.0,9.2,509,6,5,407975,3398490,509,0,13,-99.0,519,165.0,-50.0,172.40939649566667,0,-223.14160123226173,-10,6,0,3.319520809887202
1078,2596301,407810.0,3398540.0,10,330,3,3,2585.0,9.2,509,6,5,407945,3398560,509,6,5,-93.25,519,135.0,20.0,136.4734406395618,0,-248.42696902148066,-10,6,0,4.190820246084337
1079,2596301,407810.0,3398540.0,10,330,3,3,2585.0,9.2,509,6,5,407790,3398705,506,5,5,-82.6,519,-20.0,165.0,166.20770138594662,-3,23.08877288097534,-13,6,0,4.47230650926629
1080,2596301,407810.0,3398540.0,10,330,3,3,2585.0,9.2,509,6,5,407750,3398585,509,5,5,-82.5,519,-60.0,45.0,75.0,0,-23.13010235415595,-10,6,0,7.594643368591445
1081,2596301,407810.0,3398540.0,10,330,3,3,2585.0,9.2,509,6,5,407820,3398675,507,5,6,-94.3,519,10.0,135.0,135.36986370680884,-2,-325.7636052009412,-12,6,0,5.065801437723781
1082,2596301,407810.0,3398540.0,10,330,3,3,2585.0,9.2,509,6,5,407735,3398570,510,0,5,-82.0,519,-75.0,30.0,80.77747210701756,1,-38.198590513648185,-9,6,0,6.357515056182176
1083,2596301,407810.0,3398540.0,10,330,3,3,2585.0,9.2,509,6,5,407730,3398565,510,0,5,-84.0,519,-80.0,25.0,83.81527307120105,1,-42.64597536373867,-9,6,0,6.1288795245713965
1084,2596301,407810.0,3398540.0,10,330,3,3,2585.0,9.2,509,6,5,407920,3398535,509,0,10,-89.43,519,110.0,-5.0,110.11357772772621,0,-237.39743779750017,-10,6,0,5.189100328112662
1085,2596301,407810.0,3398540.0,10,330,3,3,2585.0,9.2,509,6,5,407845,3398460,506,6,5,-95.0,519,35.0,-80.0,87.32124598286491,-3,-173.62937773065687,-13,6,0,8.46774764155561
1086,2596301,407810.0,3398540.0,10,330,3,3,2585.0,9.2,509,6,5,407875,3398470,506,0,6,-92.67,519,65.0,-70.0,95.524865872714,-3,-192.87890360333859,-13,6,0,7.749785829674352
1087,2596301,407810.0,3398540.0,10,330,3,3,2585.0,9.2,509,6,5,407860,3398475,506,0,13,-92.58,519,50.0,-65.0,82.00609733428362,-3,-187.56859202882748,-13,6,0,9.007844922879361
1088,2596301,407810.0,3398540.0,10,330,3,3,2585.0,9.2,509,6,5,407800,3398655,507,0,15,-78.56,519,-10.0,115.0,115.43396380615195,-2,25.03025927188969,-12,6,0,5.934895954608181
1089,2596301,407810.0,3398540.0,10,330,3,3,2585.0,9.2,509,6,5,407805,3398660,507,0,15,-85.89,519,-5.0,120.0,120.10412149464314,-2,27.614055969611172,-12,6,0,5.705675149461406
1090,2596301,407810.0,3398540.0,10,330,3,3,2585.0,9.2,509,6,5,407765,3398700,506,0,15,-85.19,519,-45.0,160.0,166.20770138594662,-3,14.291362170984257,-13,6,0,4.47230650926629
1091,2596301,407810.0,3398540.0,10,330,3,3,2585.0,9.2,509,6,5,407760,3398695,506,0,15,-85.96,519,-50.0,155.0,162.8649747490233,-3,12.121303404158652,-13,6,0,4.563714608121706
1092,2596301,407810.0,3398540.0,10,330,3,3,2585.0,9.2,509,6,5,407775,3398690,506,0,5,-82.24,519,-35.0,150.0,154.02921800749363,-3,16.865977693603668,-13,6,0,4.824305945670929
1093,2596301,407810.0,3398540.0,10,330,3,3,2585.0,9.2,509,6,5,407835,3398670,507,5,5,-90.0,519,25.0,130.0,132.38202294873727,-2,-319.1144729453413,-12,6,0,5.1795206741385815
1094,2596301,407810.0,3398540.0,10,330,3,3,2585.0,9.2,509,6,5,407770,3398685,507,0,5,-83.68,519,-40.0,145.0,150.41608956491322,-2,14.577838681261312,-12,6,0,4.561322083556315
1095,2596301,407810.0,3398540.0,10,330,3,3,2585.0,9.2,509,6,5,407935,3398530,509,0,10,-92.33,519,125.0,-10.0,125.39936203984452,0,-235.42607874009911,-10,6,0,4.559416109622995
1096,2596301,407810.0,3398540.0,10,330,3,3,2585.0,9.2,509,6,5,407930,3398525,509,0,5,-92.67,519,120.0,-15.0,120.93386622447825,0,-232.8749836510982,-10,6,0,4.727023601589911
1097,2596301,407810.0,3398540.0,10,330,3,3,2585.0,9.2,509,6,5,408185,3398800,508,0,13,-98.0,519,375.0,260.0,456.31677593531447,-1,-274.73485953978627,-11,6,0,1.3809081099976772
1098,2596301,407810.0,3398540.0,10,330,3,3,2585.0,9.2,509,6,5,407865,3398480,507,0,5,-93.46,519,55.0,-60.0,81.39410298049853,-2,-192.51044707800082,-12,6,0,8.386748102866573
1099,2596301,407810.0,3398540.0,10,330,3,3,2585.0,9.2,509,6,5,407780,3398715,506,5,5,-85.0,519,-30.0,175.0,177.55280904564702,-3,20.27242144859838,-13,6,0,4.18759020337973
1100,2596301,407810.0,3398540.0,10,330,3,3,2585.0,9.2,509,6,5,408165,3398780,508,0,13,-93.89,519,355.0,240.0,428.51487722131657,-1,-274.06090881680785,-11,6,0,1.4704628177426624
1101,2596301,407810.0,3398540.0,10,330,3,3,2585.0,9.2,509,6,5,407960,3398495,509,96,5,-86.17,519,150.0,-45.0,156.60459763365824,0,-223.30075576600638,-10,6,0,3.653666390619896
1102,2596301,407810.0,3398540.0,10,330,3,3,2585.0,9.2,509,6,5,408170,3398765,508,0,5,-83.0,519,360.0,225.0,424.5291509425472,-1,-272.0053832080835,-11,6,0,1.4842622299516817
1103,2596301,407810.0,3398540.0,10,330,3,3,2585.0,9.2,509,6,5,407965,3398500,509,96,5,-93.0,519,155.0,-40.0,160.0781059358212,0,-225.52970589993413,-10,6,0,3.5745939215186993
1104,2596301,407810.0,3398540.0,10,330,3,3,2585.0,9.2,509,6,5,407870,3398465,506,0,5,-94.88,519,60.0,-75.0,96.04686356149273,-3,-188.65980825409008,-13,6,0,7.708174845189094
1105,2596301,407810.0,3398540.0,10,330,3,3,2585.0,9.2,509,6,5,408160,3398775,508,0,5,-91.19,519,350.0,235.0,421.57442996462675,-1,-273.87853980510965,-11,6,0,1.494660389753619
1106,2596301,407810.0,3398540.0,10,330,3,3,2585.0,9.2,509,6,5,408180,3398795,508,0,13,-86.5,519,370.0,255.0,449.36065693382636,-1,-274.5741914741152,-11,6,0,1.4022761465919242
1107,2596301,407810.0,3398540.0,10,330,3,3,2585.0,9.2,509,6,5,407815,3398650,507,5,15,-96.3,519,5.0,110.0,110.11357772772621,-2,-327.3974377975002,-12,6,0,6.219457723984556
1108,2596301,407810.0,3398540.0,10,330,3,3,2585.0,9.2,509,6,5,407810,3398645,507,5,15,-91.0,519,0.0,105.0,105.0,-2,-330.0,-12,6,0,6.519801751656986
1109,2596301,407810.0,3398540.0,10,330,3,3,2585.0,9.2,509,6,5,407825,3398680,507,5,5,-93.5,519,15.0,140.0,140.80127840328723,-2,-323.8844964337146,-12,6,0,4.871347014634027
1110,2596301,407810.0,3398540.0,10,330,3,3,2585.0,9.2,509,6,5,407955,3398550,509,6,10,-93.0,519,145.0,10.0,145.34441853748632,0,-243.94518622903757,-10,6,0,3.9358668506738494
1111,2596301,407810.0,3398540.0,10,330,3,3,2585.0,9.2,509,6,5,407950,3398545,509,0,10,-97.11,519,140.0,5.0,140.089257261219,0,-242.04540848888723,-10,6,0,4.083022453842381
1112,2596301,407810.0,3398540.0,10,330,3,3,2585.0,9.2,509,6,5,407925,3398540,509,0,10,-90.73,519,115.0,0.0,115.0,0,-240.0,-10,6,0,4.969740728110304
1113,2596301,407810.0,3398540.0,10,330,3,3,2585.0,9.2,509,6,5,407795,3398710,506,5,6,-90.0,519,-15.0,170.0,170.66048165876012,-3,24.95754893082909,-13,6,0,4.356072643418826
1114,2596301,407810.0,3398540.0,10,330,3,3,2585.0,9.2,509,6,5,407980,3398515,509,0,6,-95.6,519,170.0,-25.0,171.82840277439584,0,-231.6341138759674,-10,6,0,3.3307196918854225
1115,2596301,407810.0,3398540.0,10,330,3,3,2585.0,9.2,509,6,5,407840,3398455,505,6,5,-107.0,519,30.0,-85.0,90.13878188659973,-4,-169.44003482817618,-14,6,0,8.828415901438232
1116,2596301,407810.0,3398540.0,10,330,3,3,2585.0,9.2,509,6,5,407940,3398555,509,0,5,-94.33,519,130.0,15.0,130.86252328302402,0,-246.581944655178,-10,6,0,4.36982587280222
1117,2596301,407810.0,3398540.0,10,330,3,3,2585.0,9.2,509,6,5,407830,3398665,507,5,5,-94.13,519,20.0,125.0,126.58988901172162,-2,-320.9097230791777,-12,6,0,5.415131983330869
1118,2596301,407810.0,3398540.0,10,330,3,3,2585.0,9.2,509,6,5,407785,3398720,506,5,6,-89.0,519,-25.0,180.0,181.72781845386248,-3,22.09283729704157,-13,6,0,4.091715215014638
1119,2596301,407810.0,3398540.0,10,330,3,3,2585.0,9.2,509,6,5,407855,3398630,508,5,5,-85.5,519,45.0,90.0,100.62305898749054,-1,-303.434948822922,-11,6,0,6.238736837940101
1120,2596301,407810.0,3398540.0,10,330,3,3,2585.0,9.2,509,6,5,407870,3398605,509,21,6,-96.71,519,60.0,65.0,88.45903006477066,0,-287.29061004263855,-10,6,0,6.449716049614203
1121,2596301,407810.0,3398540.0,10,330,3,3,2585.0,9.2,509,6,5,407860,3398615,509,0,6,-80.67,519,50.0,75.0,90.13878188659973,0,-296.30993247402023,-10,6,0,6.330509401162716
1122,2596301,407810.0,3398540.0,10,330,3,3,2585.0,9.2,509,6,5,407980,3398655,506,0,5,-87.8,519,170.0,115.0,205.24375751773792,-3,-274.07719528013075,-13,6,0,3.6242342260682596
1123,2596301,407810.0,3398540.0,10,330,3,3,2585.0,9.2,509,6,5,408070,3398725,506,0,6,-87.4,519,260.0,185.0,319.100297712177,-3,-275.4333140102856,-13,6,0,2.3329137364240435
1124,2596301,407810.0,3398540.0,10,330,3,3,2585.0,9.2,509,6,5,407760,3398555,510,5,5,-87.33,519,-50.0,15.0,52.20153254455275,1,-43.300755766006375,-9,6,0,9.782125386210328
1125,2596301,407810.0,3398540.0,10,330,3,3,2585.0,9.2,509,6,5,407725,3398440,506,0,13,-93.0,519,-85.0,-100.0,131.24404748406687,-3,-109.63546342690265,-13,6,0,5.656815807794669
1126,2596301,407810.0,3398540.0,10,330,3,3,2585.0,9.2,509,6,5,407815,3398510,508,0,5,-82.67,519,5.0,-30.0,30.4138126514911,-1,-159.46232220802563,-11,6,0,19.883931077618954
1127,2596301,407810.0,3398540.0,10,330,3,3,2585.0,9.2,509,6,5,407905,3398580,509,0,5,-90.0,519,95.0,40.0,103.07764064044152,0,-262.83365417791754,-10,6,0,5.541166443639222
1128,2596301,407810.0,3398540.0,10,330,3,3,2585.0,9.2,509,6,5,407805,3398520,508,0,13,-88.46,519,-5.0,-20.0,20.615528128088304,-1,-135.96375653207352,-11,6,0,28.083416508868634
1129,2596301,407810.0,3398540.0,10,330,3,3,2585.0,9.2,509,6,5,407895,3398590,509,0,5,-84.8,519,85.0,50.0,98.6154146165801,0,-270.4655449194599,-10,6,0,5.790230257983663
1130,2596301,407810.0,3398540.0,10,330,3,3,2585.0,9.2,509,6,5,407835,3398490,507,5,13,-87.14,519,25.0,-50.0,55.90169943749474,-2,-176.56505117707798,-12,6,0,12.115397353409604
1131,2596301,407810.0,3398540.0,10,330,3,3,2585.0,9.2,509,6,5,407880,3398595,509,0,5,-83.17,519,70.0,55.0,89.02246907382428,0,-278.15722658736905,-10,6,0,6.409235404577621
1132,2596301,407810.0,3398540.0,10,330,3,3,2585.0,9.2,509,6,5,407800,3398515,508,0,13,-90.06,519,-10.0,-25.0,26.92582403567252,-1,-128.19859051364818,-11,6,0,22.221475307820867
1133,2596301,407810.0,3398540.0,10,330,3,3,2585.0,9.2,509,6,5,407710,3398445,506,0,13,-94.5,519,-100.0,-95.0,137.93114224133723,-3,-103.53119928561418,-13,6,0,5.384217834684575
1134,2596301,407810.0,3398540.0,10,330,3,3,2585.0,9.2,509,6,5,407995,3398650,506,0,5,-91.38,519,185.0,110.0,215.23243250030885,-3,-270.7354877019201,-13,6,0,3.456455593183984
1135,2596301,407810.0,3398540.0,10,330,3,3,2585.0,9.2,509,6,5,407820,3398495,507,0,13,-79.0,519,10.0,-45.0,46.09772228646444,-2,-162.52880770915158,-12,6,0,14.591203407659627
1136,2596301,407810.0,3398540.0,10,330,3,3,2585.0,9.2,509,6,5,407825,3398500,507,0,5,-81.33,519,15.0,-40.0,42.720018726587654,-2,-170.55604521958344,-12,6,0,15.689986389998817
1137,2596301,407810.0,3398540.0,10,330,3,3,2585.0,9.2,509,6,5,408075,3398730,507,0,6,-91.33,519,265.0,190.0,326.0751447136074,-2,-275.63980919808665,-12,6,0,2.1076099354640845
1138,2596301,407810.0,3398540.0,10,330,3,3,2585.0,9.2,509,6,5,407890,3398585,509,0,5,-89.17,519,80.0,45.0,91.7877987534291,0,-269.3577535427913,-10,6,0,6.217677251124683
1139,2596301,407810.0,3398540.0,10,330,3,3,2585.0,9.2,509,6,5,407900,3398575,509,0,5,-90.52,519,90.0,35.0,96.56603957913983,0,-261.25050550713325,-10,6,0,5.912252062621178
1140,2596301,407810.0,3398540.0,10,330,3,3,2585.0,9.2,509,6,5,407910,3398565,509,0,5,-94.3,519,100.0,25.0,103.07764064044152,0,-254.03624346792645,-10,6,0,5.541166443639222
1141,2596301,407810.0,3398540.0,10,330,3,3,2585.0,9.2,509,6,5,407990,3398645,506,0,5,-87.38,519,180.0,105.0,208.38665984174708,-3,-270.25643716352926,-13,6,0,3.569715688957479
1142,2596301,407810.0,3398540.0,10,330,3,3,2585.0,9.2,509,6,5,407810,3398505,507,0,13,-88.0,519,0.0,-35.0,35.0,-2,-150.0,-12,6,0,18.924644416051233
1143,2596301,407810.0,3398540.0,10,330,3,3,2585.0,9.2,509,6,5,407845,3398640,508,0,5,-78.8,519,35.0,100.0,105.94810050208545,-1,-310.70995378081125,-11,6,0,5.9274635260899755
1144,2596301,407810.0,3398540.0,10,330,3,3,2585.0,9.2,509,6,5,407840,3398635,508,0,6,-70.33,519,30.0,95.0,99.62429422585637,-1,-312.4744316262771,-11,6,0,6.300781561079082
1145,2596301,407810.0,3398540.0,10,330,3,3,2585.0,9.2,509,6,5,407945,3398700,507,0,15,-102.0,519,135.0,160.0,209.34421415458323,-2,-289.84400037508067,-12,6,0,3.2807106188827992
1146,2596301,407810.0,3398540.0,10,330,3,3,2585.0,9.2,509,6,5,407975,3398670,506,0,6,-98.5,519,165.0,130.0,210.05951537600004,-3,-278.23382517744693,-13,6,0,3.541360102800602
1147,2596301,407810.0,3398540.0,10,330,3,3,2585.0,9.2,509,6,5,407790,3398525,509,0,5,-88.0,519,-20.0,-15.0,25.0,0,-96.86989764584402,-10,6,0,21.80140948635181
1148,2596301,407810.0,3398540.0,10,330,3,3,2585.0,9.2,509,6,5,408060,3398735,507,0,6,-96.0,519,250.0,195.0,317.0567772497538,-2,-277.9542308751325,-12,6,0,2.167502432483136
1149,2596301,407810.0,3398540.0,10,330,3,3,2585.0,9.2,509,6,5,407915,3398570,509,0,5,-91.27,519,105.0,30.0,109.20164833920778,0,-255.94539590092285,-10,6,0,5.23219433817877
1150,2596301,407810.0,3398540.0,10,330,3,3,2585.0,9.2,509,6,5,407720,3398435,506,0,13,-88.33,519,-90.0,-105.0,138.2931668593933,-3,-109.39870535499554,-13,6,0,5.370205509393975
1151,2596301,407810.0,3398540.0,10,330,3,3,2585.0,9.2,509,6,5,407770,3398545,510,0,6,-90.6,519,-40.0,5.0,40.311288741492746,1,-52.874983651098205,-9,6,0,12.585595050151632
1152,2596301,407810.0,3398540.0,10,330,3,3,2585.0,9.2,509,6,5,407875,3398610,509,21,6,-93.29,519,65.0,70.0,95.524865872714,0,-287.12109639666147,-10,6,0,5.976228793989439
1153,2596301,407810.0,3398540.0,10,330,3,3,2585.0,9.2,509,6,5,407885,3398600,509,0,6,-88.38,519,75.0,60.0,96.04686356149273,0,-278.6598082540901,-10,6,0,5.943982216464175
1154,2596301,407810.0,3398540.0,10,330,3,3,2585.0,9.2,509,6,5,407865,3398620,509,0,6,-83.29,519,55.0,80.0,97.082439194738,0,-295.4914770123316,-10,6,0,5.881024693804078
1155,2596301,407810.0,3398540.0,10,330,3,3,2585.0,9.2,509,6,5,408010,3398545,508,6,10,-86.0,519,200.0,5.0,200.06249023742558,-1,-241.43209618416466,-11,6,0,3.1471147573566207
1156,2596301,407810.0,3398540.0,10,330,3,3,2585.0,9.2,509,6,5,408015,3398550,508,6,10,-92.5,519,205.0,10.0,205.24375751773792,-1,-242.7927023657133,-11,6,0,3.0678212706664834
1157,2596301,407810.0,3398540.0,10,330,3,3,2585.0,9.2,509,6,5,408010,3398540,508,6,10,-104.81,519,200.0,0.0,200.0,-1,-240.0,-11,6,0,3.148096099562759
1158,2596301,407810.0,3398540.0,10,330,3,3,2585.0,9.2,509,6,5,408000,3398530,509,6,5,-96.5,519,190.0,-10.0,190.26297590440447,0,-236.98721249581666,-10,6,0,3.0086309734848298
1159,2596301,407810.0,3398540.0,10,330,3,3,2585.0,9.2,509,6,5,408005,3398525,509,6,5,-98.5,519,195.0,-15.0,195.57607215607945,0,-235.6012946450045,-10,6,0,2.9270414369490085
1160,2596301,407810.0,3398540.0,10,330,3,3,2585.0,9.2,509,6,5,407940,3398545,509,0,10,-97.25,519,130.0,5.0,130.09611831257686,0,-242.20259816176582,-10,6,0,4.395468220456773
1161,2596301,407810.0,3398540.0,10,330,3,3,2585.0,9.2,509,6,5,407855,3398460,506,0,13,-99.0,519,45.0,-80.0,91.7877987534291,-3,-179.35775354279127,-13,6,0,8.061244204319364
1162,2596301,407810.0,3398540.0,10,330,3,3,2585.0,9.2,509,6,5,407955,3398560,509,6,10,-88.5,519,145.0,20.0,146.37281168304446,0,-247.85331330197823,-10,6,0,3.908300048289676
1163,2596301,407810.0,3398540.0,10,330,3,3,2585.0,9.2,509,6,5,407850,3398455,505,6,5,-92.0,519,40.0,-85.0,93.94147114027967,-4,-175.20112364547504,-14,6,0,8.476345807530238
1164,2596301,407810.0,3398540.0,10,330,3,3,2585.0,9.2,509,6,5,407985,3398510,509,0,6,-93.5,519,175.0,-30.0,177.55280904564702,0,-230.27242144859838,-10,6,0,3.2235655684829068
1165,2596301,407810.0,3398540.0,10,330,3,3,2585.0,9.2,509,6,5,407935,3398540,509,0,10,-88.75,519,125.0,0.0,125.0,0,-240.0,-10,6,0,4.573921259900861
1166,2596301,407810.0,3398540.0,10,330,3,3,2585.0,9.2,509,6,5,407785,3398710,506,5,5,-85.67,519,-25.0,170.0,171.82840277439584,-3,21.634113875967387,-13,6,0,4.3265771392767975
1167,2596301,407810.0,3398540.0,10,330,3,3,2585.0,9.2,509,6,5,407875,3398480,507,0,6,-92.23,519,65.0,-60.0,88.45903006477066,-2,-197.2906100426385,-12,6,0,7.725358997219309
1168,2596301,407810.0,3398540.0,10,330,3,3,2585.0,9.2,509,6,5,408165,3398770,508,0,5,-91.58,519,355.0,230.0,422.9952718411874,-1,-272.9386905429555,-11,6,0,1.4896420887837554
1169,2596301,407810.0,3398540.0,10,330,3,3,2585.0,9.2,509,6,5,407825,3398670,507,0,5,-94.0,519,15.0,130.0,130.86252328302402,-2,-323.418055344822,-12,6,0,5.239329459986255
1170,2596301,407810.0,3398540.0,10,330,3,3,2585.0,9.2,509,6,5,407730,3398575,510,0,6,-86.0,519,-80.0,35.0,87.32124598286491,1,-36.37062226934319,-9,6,0,5.8845657742966875
1171,2596301,407810.0,3398540.0,10,330,3,3,2585.0,9.2,509,6,5,407705,3398630,507,0,15,-92.5,519,-105.0,90.0,138.2931668593933,-2,-19.398705354995514,-12,6,0,4.959258000229006
1172,2596301,407810.0,3398540.0,10,330,3,3,2585.0,9.2,509,6,5,407735,3398580,510,0,6,-90.33,519,-75.0,40.0,85.0,1,-31.927513064147035,-9,6,0,6.044092162241109
1173,2596301,407810.0,3398540.0,10,330,3,3,2585.0,9.2,509,6,5,407860,3398465,506,0,13,-95.2,519,50.0,-75.0,90.13878188659973,-3,-183.69006752597977,-13,6,0,8.206727073997664
1174,2596301,407810.0,3398540.0,10,330,3,3,2585.0,9.2,509,6,5,408185,3398790,508,0,13,-97.0,519,375.0,250.0,450.6939094329987,-1,-273.69006752597977,-11,6,0,1.3981295518530479
1175,2596301,407810.0,3398540.0,10,330,3,3,2585.0,9.2,509,6,5,408190,3398795,508,0,13,-96.0,519,380.0,255.0,457.62976301809744,-1,-273.86369056881824,-11,6,0,1.3769476694300735
1176,2596301,407810.0,3398540.0,10,330,3,3,2585.0,9.2,509,6,5,407810,3398655,507,5,15,-92.83,519,0.0,115.0,115.0,-2,-330.0,-12,6,0,5.957131114708213
1177,2596301,407810.0,3398540.0,10,330,3,3,2585.0,9.2,509,6,5,407775,3398700,506,5,15,-85.64,519,-35.0,160.0,163.783393541592,-3,17.66091272167381,-13,6,0,4.538230683558939
1178,2596301,407810.0,3398540.0,10,330,3,3,2585.0,9.2,509,6,5,407765,3398690,506,0,5,-85.58,519,-45.0,150.0,156.60459763365824,-3,13.300755766006375,-13,6,0,4.745335020434956
1179,2596301,407810.0,3398540.0,10,330,3,3,2585.0,9.2,509,6,5,407770,3398695,506,0,15,-81.2,519,-40.0,155.0,160.0781059358212,-3,15.529705899934129,-13,6,0,4.64282189182415
1180,2596301,407810.0,3398540.0,10,330,3,3,2585.0,9.2,509,6,5,408160,3398765,508,0,5,-90.0,519,350.0,225.0,416.08292442733097,-1,-272.7352262721076,-11,6,0,1.5143779462116693
1181,2596301,407810.0,3398540.0,10,330,3,3,2585.0,9.2,509,6,5,407780,3398705,506,5,15,-83.47,519,-30.0,165.0,167.70509831248424,-3,19.695153531233984,-13,6,0,4.432534250551666
1182,2596301,407810.0,3398540.0,10,330,3,3,2585.0,9.2,509,6,5,407760,3398685,507,0,5,-84.98,519,-50.0,145.0,153.37861650177967,-2,10.974393962431293,-12,6,0,4.473580711238772
1183,2596301,407810.0,3398540.0,10,330,3,3,2585.0,9.2,509,6,5,407930,3398535,509,0,10,-93.29,519,120.0,-5.0,120.10412149464314,0,-237.61405596961117,-10,6,0,4.759530941773413
1184,2596301,407810.0,3398540.0,10,330,3,3,2585.0,9.2,509,6,5,407870,3398475,506,0,5,-92.63,519,60.0,-65.0,88.45903006477066,-3,-192.70938995736145,-13,6,0,8.360382371777744
1185,2596301,407810.0,3398540.0,10,330,3,3,2585.0,9.2,509,6,5,407820,3398665,507,0,6,-92.08,519,10.0,125.0,125.39936203984452,-2,-325.4260787400991,-12,6,0,5.466232679222325
1186,2596301,407810.0,3398540.0,10,330,3,3,2585.0,9.2,509,6,5,407815,3398660,507,0,5,-94.14,519,5.0,120.0,120.10412149464314,-2,-327.6140559696112,-12,6,0,5.705675149461406
1187,2596301,407810.0,3398540.0,10,330,3,3,2585.0,9.2,509,6,5,407960,3398485,509,96,5,-100.0,519,150.0,-55.0,159.76545308670458,0,-219.86369657175186,-10,6,0,3.581571028712397
1188,2596301,407810.0,3398540.0,10,330,3,3,2585.0,9.2,509,6,5,407865,3398470,506,0,5,-91.41,519,55.0,-70.0,89.02246907382428,-3,-188.15722658736905,-13,6,0,8.30820895437406
1189,2596301,407810.0,3398540.0,10,330,3,3,2585.0,9.2,509,6,5,408170,3398775,508,0,5,-90.54,519,360.0,235.0,429.9127818523194,-1,-273.1356095487189,-11,6,0,1.4656835490938656
1190,2596301,407810.0,3398540.0,10,330,3,3,2585.0,9.2,509,6,5,407975,3398500,509,0,5,-97.2,519,165.0,-40.0,169.77926846349644,0,-226.3730051401085,-10,6,0,3.3708273431226328
1191,2596301,407810.0,3398540.0,10,330,3,3,2585.0,9.2,509,6,5,407920,3398525,509,0,5,-99.67,519,110.0,-15.0,111.01801655587259,0,-232.23483398157464,-10,6,0,5.14705388746539
1192,2596301,407810.0,3398540.0,10,330,3,3,2585.0,9.2,509,6,5,408180,3398785,508,0,13,-87.0,519,370.0,245.0,443.7623237725348,-1,-273.5110187978408,-11,6,0,1.4199595202761006
1193,2596301,407810.0,3398540.0,10,330,3,3,2585.0,9.2,509,6,5,407740,3398585,509,5,5,-79.5,519,-70.0,45.0,83.21658488546619,0,-27.26477372789242,-10,6,0,6.852282245439308
1194,2596301,407810.0,3398540.0,10,330,3,3,2585.0,9.2,509,6,5,407805,3398650,507,5,15,-82.8,519,-5.0,110.0,110.11357772772621,-2,27.397437797500174,-12,6,0,6.219457723984556
1195,2596301,407810.0,3398540.0,10,330,3,3,2585.0,9.2,509,6,5,407945,3398550,509,6,10,-98.38,519,135.0,10.0,135.36986370680884,0,-244.23639479905887,-10,6,0,4.224861896749412
1196,2596301,407810.0,3398540.0,10,330,3,3,2585.0,9.2,509,6,5,408175,3398780,508,0,5,-98.71,519,365.0,240.0,436.83520920365385,-1,-273.3262896871152,-11,6,0,1.4424670900525756
1197,2596301,407810.0,3398540.0,10,330,3,3,2585.0,9.2,509,6,5,407925,3398530,509,0,10,-90.44,519,115.0,-10.0,115.43396380615195,0,-235.0302592718897,-10,6,0,4.951150471114766
1198,2596301,407810.0,3398540.0,10,330,3,3,2585.0,9.2,509,6,5,407980,3398505,509,0,5,-95.33,519,170.0,-35.0,173.5655495770978,0,-228.36636600105953,-10,6,0,3.2974578079446446
1199,2596301,407810.0,3398540.0,10,330,3,3,2585.0,9.2,509,6,5,407835,3398680,507,0,15,-92.0,519,25.0,140.0,142.21462653327893,-2,-319.87532834460217,-12,6,0,4.823164433021935
1200,2596301,407810.0,3398540.0,10,330,3,3,2585.0,9.2,509,6,5,407790,3398715,506,5,6,-94.0,519,-20.0,175.0,176.13914953808538,-3,23.480198248343015,-13,6,0,4.221078014935237
1201,2596301,407810.0,3398540.0,10,330,3,3,2585.0,9.2,509,6,5,407950,3398555,509,6,10,-95.0,519,140.0,15.0,140.80127840328723,0,-246.11550356628538,-10,6,0,4.062444231274032
1202,2596301,407810.0,3398540.0,10,330,3,3,2585.0,9.2,509,6,5,407800,3398645,507,0,15,-75.5,519,-10.0,105.0,105.47511554864494,-2,24.559667968994518,-12,6,0,6.490684303853317
1203,2596301,407810.0,3398540.0,10,330,3,3,2585.0,9.2,509,6,5,407795,3398720,506,5,15,-101.8,519,-15.0,180.0,180.62391868188442,-3,25.23635830927384,-13,6,0,4.116636397828967
1204,2596301,407810.0,3398540.0,10,330,3,3,2585.0,9.2,509,6,5,408020,3398615,506,0,13,-95.0,519,210.0,75.0,222.9910312097776,-3,-259.6538240580533,-13,6,0,3.336470587890685
1205,2596301,407810.0,3398540.0,10,330,3,3,2585.0,9.2,509,6,5,408120,3398675,506,0,5,-104.0,519,310.0,135.0,338.11980125393427,-3,-263.532348560901,-13,6,0,2.2018185142531483
1206,2596301,407810.0,3398540.0,10,330,3,3,2585.0,9.2,509,6,5,408010,3398625,506,0,13,-89.7,519,200.0,85.0,217.3131381210073,-3,-263.02549200852803,-13,6,0,3.4234401971373036
1207,2596301,407810.0,3398540.0,10,330,3,3,2585.0,9.2,509,6,5,408025,3398620,506,0,13,-89.4,519,215.0,80.0,229.40139493908924,-3,-260.409882833804,-13,6,0,3.2434385782324933
1208,2596301,407810.0,3398540.0,10,330,3,3,2585.0,9.2,509,6,5,408080,3398715,506,0,5,-91.9,519,270.0,175.0,321.7530108639234,-3,-272.94921511659044,-13,6,0,2.3137008702633803
1209,2596301,407810.0,3398540.0,10,330,3,3,2585.0,9.2,509,6,5,408085,3398720,506,0,5,-90.0,519,275.0,180.0,328.6715685908959,-3,-273.20657031508955,-13,6,0,2.2650485896043557
1210,2596301,407810.0,3398540.0,10,330,3,3,2585.0,9.2,509,6,5,408090,3398705,506,0,5,-91.08,519,280.0,165.0,325.0,-3,-270.51023740611555,-13,6,0,2.2906100426385296
1211,2596301,407810.0,3398540.0,10,330,3,3,2585.0,9.2,509,6,5,408095,3398710,506,0,5,-92.0,519,285.0,170.0,331.85087012090236,-3,-270.8157057517292,-13,6,0,2.243370541194368
1212,2596301,407810.0,3398540.0,10,330,3,3,2585.0,9.2,509,6,5,407915,3398730,508,6,15,-98.5,519,105.0,190.0,217.0829334609241,-1,-301.0735741647464,-11,6,0,2.9008037289411397
1213,2596301,407810.0,3398540.0,10,330,3,3,2585.0,9.2,509,6,5,408000,3398635,506,0,10,-90.86,519,190.0,95.0,212.42645786248002,-3,-266.565051177078,-13,6,0,3.5019995729876983
1214,2596301,407810.0,3398540.0,10,330,3,3,2585.0,9.2,509,6,5,408030,3398605,506,96,13,-94.5,519,220.0,65.0,229.40139493908924,-3,-256.46001481204,-13,6,0,3.2434385782324933
1215,2596301,407810.0,3398540.0,10,330,3,3,2585.0,9.2,509,6,5,408015,3398630,506,0,13,-91.17,519,205.0,90.0,223.8861317723811,-3,-263.70264595096626,-13,6,0,3.3231612770360486
1216,2596301,407810.0,3398540.0,10,330,3,3,2585.0,9.2,509,6,5,408100,3398695,506,0,13,-92.67,519,290.0,155.0,328.8236609491476,-3,-268.1237353832888,-13,6,0,2.264002016445527
1217,2596301,407810.0,3398540.0,10,330,3,3,2585.0,9.2,509,6,5,408105,3398700,506,0,5,-92.6,519,295.0,160.0,335.5964838909967,-3,-268.47420361007437,-13,6,0,2.218357295522531
1218,2596301,407810.0,3398540.0,10,330,3,3,2585.0,9.2,509,6,5,408005,3398640,506,0,10,-91.0,519,195.0,100.0,219.14607000811125,-3,-267.1496816977832,-13,6,0,3.394873886102762
1219,2596301,407810.0,3398540.0,10,330,3,3,2585.0,9.2,509,6,5,408000,3398500,509,96,13,-87.5,519,190.0,-40.0,194.164878389476,0,-228.111341960372,-10,6,0,2.948277827698434
1220,2596301,407810.0,3398540.0,10,330,3,3,2585.0,9.2,509,6,5,407765,3398735,506,5,5,-82.67,519,-45.0,195.0,200.124960961895,-3,17.005383208083515,-13,6,0,3.7166782896631045
1221,2596301,407810.0,3398540.0,10,330,3,3,2585.0,9.2,509,6,5,407770,3398730,506,0,5,-94.43,519,-40.0,190.0,194.164878389476,-3,18.111341960372044,-13,6,0,3.8304308011672936
1222,2596301,407810.0,3398540.0,10,330,3,3,2585.0,9.2,509,6,5,407775,3398725,506,5,5,-93.0,519,-35.0,185.0,188.2817038376273,-3,19.286876977208976,-13,6,0,3.9497458581061493
1223,2596301,407810.0,3398540.0,10,330,3,3,2585.0,9.2,509,6,5,407650,3398700,503,0,5,-102.67,519,-160.0,160.0,226.27416997969522,-6,-15.0,-16,6,0,4.044691235386268
1224,2596301,407810.0,3398540.0,10,330,3,3,2585.0,9.2,509,6,5,407425,3398465,512,0,5,-103.0,519,-385.0,-75.0,392.23717314910374,3,-71.02345596374312,-7,6,0,1.0224117267054078
1225,2596301,407810.0,3398540.0,10,330,3,3,2585.0,9.2,509,6,5,407635,3398870,505,0,5,-104.5,519,-175.0,330.0,373.5304539123952,-4,2.0628571734613956,-14,6,0,2.1464531586260707
1226,2596301,407810.0,3398540.0,10,330,3,3,2585.0,9.2,509,6,5,407565,3398350,507,0,6,-96.5,519,-245.0,-190.0,310.0403199585499,-2,-97.79394299861673,-12,6,0,2.2165063398083626
1227,2596301,407810.0,3398540.0,10,330,3,3,2585.0,9.2,509,6,5,407795,3398680,506,5,15,-83.6,519,-15.0,140.0,140.80127840328723,-3,23.884496433714617,-13,6,0,5.2750898440274225
1228,2596301,407810.0,3398540.0,10,330,3,3,2585.0,9.2,509,6,5,408165,3398730,508,18,13,-112.5,519,355.0,190.0,402.6474885057648,-1,-268.1561914482726,-11,6,0,1.5648845921179342
1229,2596301,407810.0,3398540.0,10,330,3,3,2585.0,9.2,509,6,5,407740,3398625,508,5,6,-88.67,519,-70.0,85.0,110.11357772772621,-1,-9.472459848343817,-11,6,0,5.704741761655314
1230,2596301,407810.0,3398540.0,10,330,3,3,2585.0,9.2,509,6,5,407725,3398610,509,5,15,-83.75,519,-85.0,70.0,110.11357772772621,0,-20.527540151656183,-10,6,0,5.189100328112662
1231,2596301,407810.0,3398540.0,10,330,3,3,2585.0,9.2,509,6,5,407785,3398670,507,0,15,-79.5,519,-25.0,130.0,132.38202294873727,-2,19.114472945341276,-12,6,0,5.1795206741385815
1232,2596301,407810.0,3398540.0,10,330,3,3,2585.0,9.2,509,6,5,407925,3398490,508,96,5,-86.33,519,115.0,-50.0,125.39936203984452,-1,-216.50143432404786,-11,6,0,5.013139128924395
1233,2596301,407810.0,3398540.0,10,330,3,3,2585.0,9.2,509,6,5,407960,3398525,509,0,5,-97.38,519,150.0,-15.0,150.74813431681335,0,-234.28940686250036,-10,6,0,3.795201761982332
1234,2596301,407810.0,3398540.0,10,330,3,3,2585.0,9.2,509,6,5,407685,3398570,508,5,5,-94.33,519,-125.0,30.0,128.5496013218244,-1,-46.50426671920417,-11,6,0,4.890890381274423
1235,2596301,407810.0,3398540.0,10,330,3,3,2585.0,9.2,509,6,5,407945,3398510,509,0,6,-95.0,519,135.0,-30.0,138.2931668593933,0,-227.47119229084848,-10,6,0,4.135868099189435
1236,2596301,407810.0,3398540.0,10,330,3,3,2585.0,9.2,509,6,5,407890,3398455,506,0,13,-93.25,519,80.0,-85.0,116.72617529928752,-3,-193.2642954110716,-13,6,0,6.354943484976892
1237,2596301,407810.0,3398540.0,10,330,3,3,2585.0,9.2,509,6,5,407775,3398660,507,0,15,-82.17,519,-35.0,120.0,125.0,-2,13.73979529168804,-12,6,0,5.483590444464439
1238,2596301,407810.0,3398540.0,10,330,3,3,2585.0,9.2,509,6,5,407705,3398590,508,0,15,-92.08,519,-105.0,50.0,116.29703349613007,-1,-34.53665493812838,-11,6,0,5.40326852124291
1239,2596301,407810.0,3398540.0,10,330,3,3,2585.0,9.2,509,6,5,407710,3398595,508,0,15,-90.42,519,-100.0,55.0,114.12712210513327,-1,-31.189206257026967,-11,6,0,5.505376116841371
1240,2596301,407810.0,3398540.0,10,330,3,3,2585.0,9.2,509,6,5,407715,3398600,508,0,15,-86.14,519,-95.0,60.0,112.36102527122117,-1,-27.72435568542238,-11,6,0,5.591365774814198
1241,2596301,407810.0,3398540.0,10,330,3,3,2585.0,9.2,509,6,5,407940,3398505,509,0,6,-97.75,519,130.0,-35.0,134.6291201783626,0,-224.93151184050777,-10,6,0,4.248022666728544
1242,2596301,407810.0,3398540.0,10,330,3,3,2585.0,9.2,509,6,5,407905,3398470,507,96,5,-88.0,519,95.0,-70.0,118.00423721205946,-2,-203.61564818416412,-12,6,0,5.806519826424583
1243,2596301,407810.0,3398540.0,10,330,3,3,2585.0,9.2,509,6,5,407965,3398530,509,0,5,-99.24,519,155.0,-10.0,155.32224567009067,0,-236.30861401354872,-10,6,0,3.6837486104813357
1244,2596301,407810.0,3398540.0,10,330,3,3,2585.0,9.2,509,6,5,407935,3398500,508,0,5,-94.33,519,125.0,-40.0,131.24404748406687,-1,-222.25532837494308,-11,6,0,4.790952432344356
1245,2596301,407810.0,3398540.0,10,330,3,3,2585.0,9.2,509,6,5,407915,3398480,507,96,13,-84.0,519,105.0,-60.0,120.93386622447825,-2,-210.25511870305775,-12,6,0,5.666783353597028
1246,2596301,407810.0,3398540.0,10,330,3,3,2585.0,9.2,509,6,5,407880,3398445,506,0,6,-99.5,519,70.0,-95.0,118.00423721205946,-3,-186.38435181583588,-13,6,0,6.286669423978999
1247,2596301,407810.0,3398540.0,10,330,3,3,2585.0,9.2,509,6,5,407995,3398560,508,96,13,-97.0,519,185.0,20.0,186.07794065928394,-1,-246.1701750950296,-11,6,0,3.3831036055810055
1248,2596301,407810.0,3398540.0,10,330,3,3,2585.0,9.2,509,6,5,407780,3398665,507,0,15,-83.0,519,-30.0,125.0,128.5496013218244,-2,16.504266719204168,-12,6,0,5.333059042774156
1249,2596301,407810.0,3398540.0,10,330,3,3,2585.0,9.2,509,6,5,407875,3398440,506,0,6,-98.83,519,65.0,-100.0,119.26860441876563,-3,-183.02386755579664,-13,6,0,6.2205496406751095
1250,2596301,407810.0,3398540.0,10,330,3,3,2585.0,9.2,509,6,5,407955,3398520,509,0,5,-92.43,519,145.0,-20.0,146.37281168304446,0,-232.14668669802177,-10,6,0,3.908300048289676
1251,2596301,407810.0,3398540.0,10,330,3,3,2585.0,9.2,509,6,5,407720,3398605,508,0,15,-87.25,519,-90.0,65.0,111.01801655587259,-1,-24.16234704572173,-11,6,0,5.658569352305793
1252,2596301,407810.0,3398540.0,10,330,3,3,2585.0,9.2,509,6,5,407910,3398475,507,96,5,-84.0,519,100.0,-65.0,119.26860441876563,-2,-206.97613244420336,-12,6,0,5.745378860313134
1253,2596301,407810.0,3398540.0,10,330,3,3,2585.0,9.2,509,6,5,407920,3398485,508,96,5,-92.0,519,110.0,-55.0,122.98373876248843,-1,-213.43494882292202,-11,6,0,5.111089695288715
1254,2596301,407810.0,3398540.0,10,330,3,3,2585.0,9.2,509,6,5,407970,3398535,509,0,5,-94.38,519,160.0,-5.0,160.0781059358212,0,-238.2100893917539,-10,6,0,3.5745939215186993
1255,2596301,407810.0,3398540.0,10,330,3,3,2585.0,9.2,509,6,5,407980,3398545,509,0,5,-95.4,519,170.0,5.0,170.07351351694948,0,-241.6846843178963,-10,6,0,3.365008870357933
1256,2596301,407810.0,3398540.0,10,330,3,3,2585.0,9.2,509,6,5,407950,3398515,509,0,5,-93.22,519,140.0,-25.0,142.21462653327893,0,-229.87532834460217,-10,6,0,4.022204286634102
1257,2596301,407810.0,3398540.0,10,330,3,3,2585.0,9.2,509,6,5,407885,3398450,506,0,5,-90.6,519,75.0,-90.0,117.15374513859982,-3,-189.80557109226515,-13,6,0,6.331938905389726
1258,2596301,407810.0,3398540.0,10,330,3,3,2585.0,9.2,509,6,5,407895,3398460,506,0,5,-88.5,519,85.0,-80.0,116.72617529928752,-3,-196.73570458892834,-13,6,0,6.354943484976892
1259,2596301,407810.0,3398540.0,10,330,3,3,2585.0,9.2,509,6,5,407930,3398495,508,96,5,-94.11,519,120.0,-45.0,128.16005617976296,-1,-219.44395478041656,-11,6,0,4.905683905933287
1260,2596301,407810.0,3398540.0,10,330,3,3,2585.0,9.2,509,6,5,407985,3398550,509,0,5,-82.5,519,175.0,10.0,175.28548142958104,0,-243.27048792318357,-10,6,0,3.2651729263822804
1261,2596301,407810.0,3398540.0,10,330,3,3,2585.0,9.2,509,6,5,407870,3398435,505,0,5,-97.0,519,60.0,-105.0,120.93386622447825,-4,-179.74488129694225,-14,6,0,6.6034943380972555
1262,2596301,407810.0,3398540.0,10,330,3,3,2585.0,9.2,509,6,5,407710,3398710,506,5,15,-88.0,519,-100.0,170.0,197.2308292331602,-3,-0.4655449194598873,-13,6,0,3.771059962486899
1263,2596301,407810.0,3398540.0,10,330,3,3,2585.0,9.2,509,6,5,407740,3398680,507,5,15,-85.25,519,-70.0,140.0,156.52475842498527,-2,3.434948822922024,-12,6,0,4.384016024696988
1264,2596301,407810.0,3398540.0,10,330,3,3,2585.0,9.2,509,6,5,407895,3398485,507,96,5,-88.44,519,85.0,-55.0,101.24228365658294,-2,-207.0947570770121,-12,6,0,6.759591514521746
1265,2596301,407810.0,3398540.0,10,330,3,3,2585.0,9.2,509,6,5,407880,3398500,507,0,6,-88.08,519,70.0,-40.0,80.62257748298549,-2,-210.25511870305775,-12,6,0,8.465848238967707
1266,2596301,407810.0,3398540.0,10,330,3,3,2585.0,9.2,509,6,5,407825,3398595,508,0,5,-85.64,519,15.0,55.0,57.0087712549569,-1,-314.7448812969422,-11,6,0,10.921164573050607
1267,2596301,407810.0,3398540.0,10,330,3,3,2585.0,9.2,509,6,5,407790,3398630,507,5,15,-79.33,519,-20.0,90.0,92.19544457292888,-2,17.471192290848478,-12,6,0,7.415829709624493
1268,2596301,407810.0,3398540.0,10,330,3,3,2585.0,9.2,509,6,5,407760,3398620,508,5,15,-89.0,519,-50.0,80.0,94.33981132056604,-1,-2.005383208083515,-11,6,0,6.650643408810693
1269,2596301,407810.0,3398540.0,10,330,3,3,2585.0,9.2,509,6,5,407905,3398515,508,0,5,-94.33,519,95.0,-25.0,98.2344135219425,-1,-225.25643716352926,-11,6,0,6.389196758687056
1270,2596301,407810.0,3398540.0,10,330,3,3,2585.0,9.2,509,6,5,407910,3398510,508,0,6,-91.04,519,100.0,-30.0,104.4030650891055,-1,-223.30075576600638,-11,6,0,6.014544250273251
1271,2596301,407810.0,3398540.0,10,330,3,3,2585.0,9.2,509,6,5,407745,3398675,507,5,5,-87.0,519,-65.0,135.0,149.83324063771698,-2,4.290046219188753,-12,6,0,4.578990244472199
1272,2596301,407810.0,3398540.0,10,330,3,3,2585.0,9.2,509,6,5,407870,3398550,509,0,6,-83.88,519,60.0,10.0,60.8276253029822,0,-249.46232220802563,-10,6,0,9.335859032003938
1273,2596301,407810.0,3398540.0,10,330,3,3,2585.0,9.2,509,6,5,407810,3398570,508,0,6,-84.29,519,0.0,30.0,30.0,-1,-330.0,-11,6,0,20.136303428248137
1274,2596301,407810.0,3398540.0,10,330,3,3,2585.0,9.2,509,6,5,407780,3398640,507,0,15,-81.8,519,-30.0,100.0,104.4030650891055,-2,13.300755766006375,-12,6,0,6.556755674087011
1275,2596301,407810.0,3398540.0,10,330,3,3,2585.0,9.2,509,6,5,407860,3398560,509,0,5,-81.67,519,50.0,20.0,53.85164807134504,0,-261.8014094863518,-10,6,0,10.519734890658619
1276,2596301,407810.0,3398540.0,10,330,3,3,2585.0,9.2,509,6,5,407830,3398590,508,0,6,-81.0,519,20.0,50.0,53.85164807134504,-1,-308.1985905136482,-11,6,0,11.544699346907535
1277,2596301,407810.0,3398540.0,10,330,3,3,2585.0,9.2,509,6,5,407845,3398535,509,0,5,-85.48,519,35.0,-5.0,35.35533905932738,0,-231.86989764584405,-10,6,0,15.793169048263962
1278,2596301,407810.0,3398540.0,10,330,3,3,2585.0,9.2,509,6,5,407940,3398480,508,96,13,-91.0,519,130.0,-60.0,143.17821063276352,-1,-215.22485943116806,-11,6,0,4.393251834828562
1279,2596301,407810.0,3398540.0,10,330,3,3,2585.0,9.2,509,6,5,407885,3398495,507,6,5,-90.29,519,75.0,-45.0,87.46427842267951,-2,-209.0362434679265,-12,6,0,7.812142384069064
1280,2596301,407810.0,3398540.0,10,330,3,3,2585.0,9.2,509,6,5,407855,3398525,508,0,5,-84.5,519,45.0,-15.0,47.43416490252569,-1,-221.56505117707798,-11,6,0,13.056133692319438
1281,2596301,407810.0,3398540.0,10,330,3,3,2585.0,9.2,509,6,5,407850,3398530,509,0,5,-83.41,519,40.0,-10.0,41.23105625617661,0,-225.9637565320735,-10,6,0,13.63302222536641
1282,2596301,407810.0,3398540.0,10,330,3,3,2585.0,9.2,509,6,5,407900,3398520,508,0,5,-97.75,519,90.0,-20.0,92.19544457292888,-1,-227.47119229084848,-11,6,0,6.803896320851287
1283,2596301,407810.0,3398540.0,10,330,3,3,2585.0,9.2,509,6,5,407835,3398585,508,0,6,-82.27,519,25.0,45.0,51.478150704935004,-1,-300.94539590092285,-11,6,0,12.06173005783295
1284,2596301,407810.0,3398540.0,10,330,3,3,2585.0,9.2,509,6,5,407865,3398555,509,0,6,-86.3,519,55.0,15.0,57.0087712549569,0,-255.25511870305775,-10,6,0,9.949126297159781
1285,2596301,407810.0,3398540.0,10,330,3,3,2585.0,9.2,509,6,5,407750,3398670,507,0,15,-89.0,519,-60.0,130.0,143.17821063276352,-2,5.224859431168056,-12,6,0,4.790856308572945
1286,2596301,407810.0,3398540.0,10,330,3,3,2585.0,9.2,509,6,5,407785,3398635,507,5,15,-73.5,519,-25.0,95.0,98.2344135219425,-2,15.256437163529256,-12,6,0,6.96456254301253
1287,2596301,407810.0,3398540.0,10,330,3,3,2585.0,9.2,509,6,5,407775,3398605,508,5,6,-86.75,519,-35.0,65.0,73.824115301167,-1,1.6992442339936247,-11,6,0,8.474879443436455
1288,2596301,407810.0,3398540.0,10,330,3,3,2585.0,9.2,509,6,5,407820,3398600,508,0,5,-75.67,519,10.0,60.0,60.8276253029822,-1,-320.5376777919744,-11,6,0,10.25052311134815
1289,2596301,407810.0,3398540.0,10,330,3,3,2585.0,9.2,509,6,5,407795,3398625,507,5,15,-83.6,519,-15.0,85.0,86.31338250816034,-2,19.992020198558635,-12,6,0,7.914997207501181
1290,2596301,407810.0,3398540.0,10,330,3,3,2585.0,9.2,509,6,5,407890,3398490,507,96,5,-93.0,519,80.0,-50.0,94.33981132056604,-2,-207.99461679191648,-12,6,0,7.249079687709111
1291,2596301,407810.0,3398540.0,10,330,3,3,2585.0,9.2,509,6,5,407840,3398540,509,0,13,-83.2,519,30.0,0.0,30.0,0,-240.0,-10,6,0,18.43494882292201
1292,2596301,407810.0,3398540.0,10,330,3,3,2585.0,9.2,509,6,5,407915,3398505,508,0,6,-88.13,519,105.0,-35.0,110.67971810589327,-1,-221.56505117707798,-11,6,0,5.675752314328851
1293,2596301,407810.0,3398540.0,10,330,3,3,2585.0,9.2,509,6,5,407875,3398545,509,0,5,-83.45,519,65.0,5.0,65.19202405202648,0,-244.3987053549955,-10,6,0,8.720796928163413
1294,2596301,407810.0,3398540.0,10,330,3,3,2585.0,9.2,509,6,5,407755,3398665,507,0,15,-88.89,519,-55.0,125.0,136.56500283747664,-2,6.250505507133255,-12,6,0,5.021696106741189
1295,2596301,407810.0,3398540.0,10,330,3,3,2585.0,9.2,509,6,5,407805,3398575,508,5,6,-86.5,519,-5.0,35.0,35.35533905932738,-1,21.86989764584405,-11,6,0,17.28232754551572
1296,2596301,407810.0,3398540.0,10,330,3,3,2585.0,9.2,509,6,5,407495,3398975,507,0,6,-112.5,519,-315.0,435.0,537.0754136990447,-2,-5.909723079177695,-12,6,0,1.2799598680032467
1297,2596301,407810.0,3398540.0,10,330,3,3,2585.0,9.2,509,6,5,407630,3398915,505,5,5,-109.0,519,-180.0,375.0,415.9627387158614,-4,4.358994175694704,-14,6,0,1.9276684184455477
1298,2596301,407810.0,3398540.0,10,330,3,3,2585.0,9.2,509,6,5,407635,3398540,506,5,15,-93.5,519,-175.0,0.0,175.0,-3,-60.0,-13,6,0,4.248454529361296
1299,2596301,407810.0,3398540.0,10,330,3,3,2585.0,9.2,509,6,5,408060,3398685,506,0,6,-96.33,519,250.0,145.0,289.0069203323685,-3,-270.11373315098245,-13,6,0,2.5755209664882686
1300,2596301,407810.0,3398540.0,10,330,3,3,2585.0,9.2,509,6,5,408055,3398720,506,5,6,-91.0,519,245.0,180.0,304.0148022712052,-3,-276.30449712257524,-13,6,0,2.448537505530576
1301,2596301,407810.0,3398540.0,10,330,3,3,2585.0,9.2,509,6,5,408010,3398675,506,0,5,-91.0,519,200.0,135.0,241.29857024027308,-3,-274.0193499898265,-13,6,0,3.0838381654048646
1302,2596301,407810.0,3398540.0,10,330,3,3,2585.0,9.2,509,6,5,408075,3398700,506,0,5,-95.2,519,265.0,160.0,309.5561338432821,-3,-271.122470196792,-13,6,0,2.4047584188403057
1303,2596301,407810.0,3398540.0,10,330,3,3,2585.0,9.2,509,6,5,408000,3398665,506,0,5,-90.0,519,190.0,125.0,227.43130831088317,-3,-273.340707346477,-13,6,0,3.2714735722357906
1304,2596301,407810.0,3398540.0,10,330,3,3,2585.0,9.2,509,6,5,408050,3398715,506,0,6,-90.0,519,240.0,175.0,297.0269348055829,-3,-276.098283967108,-13,6,0,2.5060692974096828
1305,2596301,407810.0,3398540.0,10,330,3,3,2585.0,9.2,509,6,5,408030,3398655,506,0,10,-92.3,519,220.0,115.0,248.2438317461282,-3,-267.59729586864376,-13,6,0,2.9977194617368537
1306,2596301,407810.0,3398540.0,10,330,3,3,2585.0,9.2,509,6,5,408025,3398650,506,0,10,-93.23,519,215.0,110.0,241.50569351466643,-3,-267.0955524937518,-13,6,0,3.0811984621074475
1307,2596301,407810.0,3398540.0,10,330,3,3,2585.0,9.2,509,6,5,408020,3398645,506,0,10,-93.0,519,210.0,105.0,234.7871376374779,-3,-266.565051177078,-13,6,0,3.1691913202400364
1308,2596301,407810.0,3398540.0,10,330,3,3,2585.0,9.2,509,6,5,408035,3398660,506,0,10,-94.8,519,225.0,120.0,255.0,-3,-268.07248693585296,-13,6,0,2.918434720781559
1309,2596301,407810.0,3398540.0,10,330,3,3,2585.0,9.2,509,6,5,408070,3398695,506,0,6,-94.3,519,260.0,155.0,302.6962173533062,-3,-270.80144597613685,-13,6,0,2.4591905936837333
1310,2596301,407810.0,3398540.0,10,330,3,3,2585.0,9.2,509,6,5,408005,3398670,506,0,5,-93.0,519,195.0,130.0,234.3608329051593,-3,-273.69006752597977,-13,6,0,3.17494432830295
1311,2596301,407810.0,3398540.0,10,330,3,3,2585.0,9.2,509,6,5,408045,3398710,506,0,6,-93.54,519,235.0,170.0,290.0431002454635,-3,-275.8821372462042,-13,6,0,2.5663322328634015
1312,2596301,407810.0,3398540.0,10,330,3,3,2585.0,9.2,509,6,5,408040,3398705,506,0,5,-92.17,519,230.0,165.0,283.0635970943632,-3,-275.65532809790034,-13,6,0,2.6295225743217174
1313,2596301,407810.0,3398540.0,10,330,3,3,2585.0,9.2,509,6,5,408015,3398680,506,0,5,-84.29,519,205.0,140.0,248.2438317461282,-3,-274.33021719550334,-13,6,0,2.9977194617368537
1314,2596301,407810.0,3398540.0,10,330,3,3,2585.0,9.2,509,6,5,408065,3398690,506,0,6,-99.6,519,255.0,150.0,295.8462438497403,-3,-270.4655449194599,-13,6,0,2.5160579265740584
1315,2596301,407810.0,3398540.0,10,330,3,3,2585.0,9.2,509,6,5,407660,3398535,507,0,5,-92.4,519,-150.0,-5.0,150.08331019803634,-2,-61.90915243299639,-12,6,0,4.571393072334779
1316,2596301,407810.0,3398540.0,10,330,3,3,2585.0,9.2,509,6,5,407675,3398530,508,0,15,-91.83,519,-135.0,-10.0,135.36986370680884,-1,-64.23639479905887,-11,6,0,4.645582399179508
1317,2596301,407810.0,3398540.0,10,330,3,3,2585.0,9.2,509,6,5,407670,3398525,507,0,15,-91.0,519,-140.0,-15.0,140.80127840328723,-2,-66.11550356628538,-12,6,0,4.871347014634027
1318,2596301,407810.0,3398540.0,10,330,3,3,2585.0,9.2,509,6,5,407665,3398535,507,0,5,-93.75,519,-145.0,-5.0,145.08618128546908,-2,-61.97493401088195,-12,6,0,4.728141187454796
1319,2596301,407810.0,3398540.0,10,330,3,3,2585.0,9.2,509,6,5,407660,3398540,507,0,5,-93.0,519,-150.0,0.0,150.0,-2,-60.0,-12,6,0,4.573921259900861
1320,2596301,407810.0,3398540.0,10,330,3,3,2585.0,9.2,509,6,5,407675,3398525,508,0,15,-92.5,519,-135.0,-15.0,135.83077707206124,-1,-66.34019174590992,-11,6,0,4.629887234474931
1321,2596301,407810.0,3398540.0,10,330,3,3,2585.0,9.2,509,6,5,407670,3398530,507,0,15,-92.5,519,-140.0,-10.0,140.356688476182,-2,-64.08561677997488,-12,6,0,4.886702754092818
1322,2596301,407810.0,3398540.0,10,330,3,3,2585.0,9.2,509,6,5,407475,3398335,507,0,6,-95.0,519,-335.0,-205.0,392.7467377331096,-2,-91.46414363086575,-12,6,0,1.7500731492166122
1323,2596301,407810.0,3398540.0,10,330,3,3,2585.0,9.2,509,6,5,407920,3398635,509,9,6,-95.33,519,110.0,95.0,145.34441853748632,0,-280.81508387488157,-10,6,0,3.9358668506738494
1324,2596301,407810.0,3398540.0,10,330,3,3,2585.0,9.2,509,6,5,407700,3398535,509,5,6,-95.0,519,-110.0,-5.0,110.11357772772621,0,-62.602562202499826,-10,6,0,5.189100328112662
1325,2596301,407810.0,3398540.0,10,330,3,3,2585.0,9.2,509,6,5,407860,3398695,507,0,15,-98.0,519,50.0,155.0,162.8649747490233,-2,-312.12130340415865,-12,6,0,4.213976600286088
1326,2596301,407810.0,3398540.0,10,330,3,3,2585.0,9.2,509,6,5,407990,3398565,508,96,13,-94.0,519,180.0,25.0,181.72781845386248,-1,-247.90716270295843,-11,6,0,3.463891994646759
1327,2596301,407810.0,3398540.0,10,330,3,3,2585.0,9.2,509,6,5,407790,3398445,505,0,13,-87.5,519,-20.0,-95.0,97.082439194738,-4,-138.11134196037204,-14,6,0,8.205901184395936
1328,2596301,407810.0,3398540.0,10,330,3,3,2585.0,9.2,509,6,5,407905,3398660,509,5,5,-100.5,519,95.0,120.0,153.05227865013967,0,-291.63251461513846,-10,6,0,3.7382296689287737
1329,2596301,407810.0,3398540.0,10,330,3,3,2585.0,9.2,509,6,5,407935,3398630,508,9,5,-97.5,519,125.0,90.0,154.02921800749363,-1,-275.75388725443673,-11,6,0,4.084844397616577
1330,2596301,407810.0,3398540.0,10,330,3,3,2585.0,9.2,509,6,5,408145,3398740,508,0,6,-97.5,519,335.0,200.0,390.16022349798806,-1,-270.83783194468725,-11,6,0,1.6149433620987166
1331,2596301,407810.0,3398540.0,10,330,3,3,2585.0,9.2,509,6,5,407930,3398625,509,9,5,-88.0,519,120.0,85.0,147.05441169852742,0,-275.3112134396332,-10,6,0,3.890240754690596
1332,2596301,407810.0,3398540.0,10,330,3,3,2585.0,9.2,509,6,5,407915,3398650,509,0,6,-94.25,519,105.0,110.0,152.0690632574555,0,-286.3322198538696,-10,6,0,3.76233031232997
1333,2596301,407810.0,3398540.0,10,330,3,3,2585.0,9.2,509,6,5,407890,3398665,509,0,12,-87.5,519,80.0,125.0,148.4082207965583,0,-297.38075692880716,-10,6,0,3.8548606954196143
1334,2596301,407810.0,3398540.0,10,330,3,3,2585.0,9.2,509,6,5,407755,3398490,508,0,13,-97.5,519,-55.0,-50.0,74.33034373659252,-1,-102.27368900609375,-11,6,0,8.417990887582802
1335,2596301,407810.0,3398540.0,10,330,3,3,2585.0,9.2,509,6,5,408135,3398750,508,0,13,-88.17,519,325.0,210.0,386.9431482789171,-1,-272.8686789333675,-11,6,0,1.6283629268987434
1336,2596301,407810.0,3398540.0,10,330,3,3,2585.0,9.2,509,6,5,407965,3398600,508,0,5,-89.33,519,155.0,60.0,166.20770138594662,-1,-261.1612598168283,-11,6,0,3.786441849155542
1337,2596301,407810.0,3398540.0,10,330,3,3,2585.0,9.2,509,6,5,408120,3398755,508,0,13,-97.5,519,310.0,215.0,377.25985739275256,-1,-274.74318015830363,-11,6,0,1.6701354423107366
1338,2596301,407810.0,3398540.0,10,330,3,3,2585.0,9.2,509,6,5,408130,3398745,508,0,13,-92.2,519,320.0,205.0,380.0328933131973,-1,-272.6446401349165,-11,6,0,1.657955572453079
1339,2596301,407810.0,3398540.0,10,330,3,3,2585.0,9.2,509,6,5,408140,3398735,508,0,5,-98.0,519,330.0,195.0,383.30797017541914,-1,-270.579226872489,-11,6,0,1.6437974008378118
1340,2596301,407810.0,3398540.0,10,330,3,3,2585.0,9.2,509,6,5,407960,3398595,508,0,5,-87.36,519,150.0,55.0,159.76545308670458,-1,-260.13630342824814,-11,6,0,3.9386518814093274
1341,2596301,407810.0,3398540.0,10,330,3,3,2585.0,9.2,509,6,5,407975,3398590,508,0,5,-92.38,519,165.0,50.0,172.40939649566667,-1,-256.85839876773827,-11,6,0,3.650615859676765
1342,2596301,407810.0,3398540.0,10,330,3,3,2585.0,9.2,509,6,5,407865,3398700,507,0,15,-116.0,519,55.0,160.0,169.1892431568863,-2,-311.0295921915135,-12,6,0,4.0569949224613815
1343,2596301,407810.0,3398540.0,10,330,3,3,2585.0,9.2,509,6,5,407950,3398605,508,0,13,-90.23,519,140.0,65.0,154.35349040433132,-1,-264.9047688080952,-11,6,0,4.076291740878448
1344,2596301,407810.0,3398540.0,10,330,3,3,2585.0,9.2,509,6,5,407765,3398480,507,0,13,-93.33,519,-45.0,-60.0,75.0,-2,-113.13010235415598,-12,6,0,9.090276920822323
1345,2596301,407810.0,3398540.0,10,330,3,3,2585.0,9.2,509,6,5,407955,3398610,508,0,13,-85.25,519,145.0,70.0,161.01242188104618,-1,-265.7693276243387,-11,6,0,3.908243690291267
1346,2596301,407810.0,3398540.0,10,330,3,3,2585.0,9.2,509,6,5,407970,3398585,508,0,5,-96.5,519,160.0,45.0,166.20770138594662,-1,-255.70863782901574,-11,6,0,3.786441849155542
1347,2596301,407810.0,3398540.0,10,330,3,3,2585.0,9.2,509,6,5,407750,3398485,508,0,5,-93.67,519,-60.0,-55.0,81.39410298049853,-1,-102.51044707800085,-11,6,0,7.696602619318572
1348,2596301,407810.0,3398540.0,10,330,3,3,2585.0,9.2,509,6,5,407940,3398615,508,0,13,-89.0,519,130.0,75.0,150.08331019803634,-1,-269.9816393688493,-11,6,0,4.1918629280891535
1349,2596301,407810.0,3398540.0,10,330,3,3,2585.0,9.2,509,6,5,407760,3398475,507,0,13,-88.75,519,-50.0,-65.0,82.00609733428362,-2,-112.43140797117252,-12,6,0,8.325039976163174
1350,2596301,407810.0,3398540.0,10,330,3,3,2585.0,9.2,509,6,5,407805,3398440,505,6,13,-98.5,519,-5.0,-100.0,100.12492197250393,-4,-147.13759477388825,-14,6,0,7.95979454471454
1351,2596301,407810.0,3398540.0,10,330,3,3,2585.0,9.2,509,6,5,407770,3398465,506,0,13,-86.83,519,-40.0,-75.0,85.0,-3,-121.92751306414706,-13,6,0,8.695502877424769
1352,2596301,407810.0,3398540.0,10,330,3,3,2585.0,9.2,509,6,5,407895,3398670,509,0,12,-91.67,519,85.0,130.0,155.32224567009067,0,-296.82148834060723,-10,6,0,3.6837486104813357
1353,2596301,407810.0,3398540.0,10,330,3,3,2585.0,9.2,509,6,5,407910,3398645,509,0,6,-92.5,519,100.0,105.0,145.0,0,-286.39718102729637,-10,6,0,3.945186229037563
1354,2596301,407810.0,3398540.0,10,330,3,3,2585.0,9.2,509,6,5,407925,3398640,509,9,6,-91.67,519,115.0,100.0,152.3975065412817,0,-281.00908690157024,-10,6,0,3.7542450459679295
1355,2596301,407810.0,3398540.0,10,330,3,3,2585.0,9.2,509,6,5,407745,3398500,509,6,5,-88.5,519,-65.0,-40.0,76.32168761236873,0,-91.60750224624891,-10,6,0,7.464620452525394
1356,2596301,407810.0,3398540.0,10,330,3,3,2585.0,9.2,509,6,5,407785,3398460,506,0,13,-87.2,519,-25.0,-80.0,83.81527307120105,-3,-132.6459753637387,-13,6,0,8.816495705415642
1357,2596301,407810.0,3398540.0,10,330,3,3,2585.0,9.2,509,6,5,407780,3398455,506,0,13,-98.44,519,-30.0,-85.0,90.13878188659973,-3,-130.55996517182382,-13,6,0,8.206727073997664
1358,2596301,407810.0,3398540.0,10,330,3,3,2585.0,9.2,509,6,5,407740,3398495,509,6,5,-97.0,519,-70.0,-45.0,83.21658488546619,0,-92.73522627210758,-10,6,0,6.852282245439308
1359,2596301,407810.0,3398540.0,10,330,3,3,2585.0,9.2,509,6,5,407985,3398580,508,0,5,-92.38,519,175.0,40.0,179.51323071016242,-1,-252.87500155961249,-11,6,0,3.5065187616914772
1360,2596301,407810.0,3398540.0,10,330,3,3,2585.0,9.2,509,6,5,407945,3398620,508,0,13,-86.8,519,135.0,80.0,156.92354826475216,-1,-270.65066795705286,-11,6,0,4.009750740978719
1361,2596301,407810.0,3398540.0,10,330,3,3,2585.0,9.2,509,6,5,407775,3398470,507,0,13,-86.0,519,-35.0,-70.0,78.26237921249263,-2,-123.434948822922,-12,6,0,8.717291391689896
1362,2596301,407810.0,3398540.0,10,330,3,3,2585.0,9.2,509,6,5,407980,3398575,508,96,5,-97.2,519,170.0,35.0,173.5655495770978,-1,-251.63363399894047,-11,6,0,3.626363520669304
1363,2596301,407810.0,3398540.0,10,330,3,3,2585.0,9.2,509,6,5,407900,3398655,509,5,5,-95.0,519,90.0,115.0,146.03081866510234,0,-291.9529574681739,-10,6,0,3.917424523141807
1364,2596301,407810.0,3398540.0,10,330,3,3,2585.0,9.2,509,6,5,408000,3398535,509,6,5,-104.0,519,190.0,-5.0,190.06577808748213,0,-238.492564241225,-10,6,0,3.0117467566453606
1365,2596301,407810.0,3398540.0,10,330,3,3,2585.0,9.2,509,6,5,407730,3398805,508,0,5,-101.5,519,-80.0,265.0,276.81221071332817,-1,13.20162821869468,-11,6,0,2.275629888239898
1366,2596301,407810.0,3398540.0,10,330,3,3,2585.0,9.2,509,6,5,408005,3398540,509,6,10,-104.17,519,195.0,0.0,195.0,0,-240.0,-10,6,0,2.935673446421173
1367,2596301,407810.0,3398540.0,10,330,3,3,2585.0,9.2,509,6,5,407635,3398395,504,0,13,-101.5,519,-175.0,-145.0,227.26636354727023,-5,-99.64417495714483,-15,6,0,3.776150412686506
1368,2596301,407810.0,3398540.0,10,330,3,3,2585.0,9.2,509,6,5,407630,3398400,505,0,13,-95.0,519,-180.0,-140.0,228.0350850198276,-4,-97.8749836510982,-14,6,0,3.513210996211339
1369,2596301,407810.0,3398540.0,10,330,3,3,2585.0,9.2,509,6,5,407625,3398385,505,0,13,-102.0,519,-185.0,-155.0,241.3503677229434,-4,-99.95754893082909,-14,6,0,3.3198335252607327
1370,2596301,407810.0,3398540.0,10,330,3,3,2585.0,9.2,509,6,5,407735,3398525,510,0,6,-95.33,519,-75.0,-15.0,76.48529270389177,1,-71.30993247402023,-9,6,0,6.711115269369334
1371,2596301,407810.0,3398540.0,10,330,3,3,2585.0,9.2,509,6,5,407860,3398680,508,0,15,-91.33,519,50.0,140.0,148.66068747318505,-1,-310.3461759419467,-11,6,0,4.231832320221424
1372,2596301,407810.0,3398540.0,10,330,3,3,2585.0,9.2,509,6,5,407755,3398545,510,0,6,-95.73,519,-55.0,5.0,55.226805085936306,1,-54.80557109226521,-9,6,0,9.255804762401157
1373,2596301,407810.0,3398540.0,10,330,3,3,2585.0,9.2,509,6,5,407920,3398580,509,0,5,-88.8,519,110.0,40.0,117.04699910719626,0,-259.98310652189997,-10,6,0,4.883250449013462
1374,2596301,407810.0,3398540.0,10,330,3,3,2585.0,9.2,509,6,5,407985,3398635,506,0,10,-86.5,519,175.0,95.0,199.12307751739877,-3,-268.495638618245,-13,6,0,3.7353258655828303
1375,2596301,407810.0,3398540.0,10,330,3,3,2585.0,9.2,509,6,5,407925,3398575,509,0,5,-91.64,519,115.0,35.0,120.20815280171308,0,-256.92751306414704,-10,6,0,4.7554308165518515
1376,2596301,407810.0,3398540.0,10,330,3,3,2585.0,9.2,509,6,5,407970,3398610,507,0,5,-89.89,519,160.0,70.0,174.64249196572982,-2,-263.6293777306568,-12,6,0,3.9307178708252377
1377,2596301,407810.0,3398540.0,10,330,3,3,2585.0,9.2,509,6,5,407955,3398585,508,0,5,-92.63,519,145.0,45.0,151.82226450688975,-1,-257.24145939894,-11,6,0,4.144018055876181
1378,2596301,407810.0,3398540.0,10,330,3,3,2585.0,9.2,509,6,5,407845,3398655,508,5,5,-95.5,519,35.0,115.0,120.20815280171308,-1,-313.07248693585296,-11,6,0,5.228457144658494
1379,2596301,407810.0,3398540.0,10,330,3,3,2585.0,9.2,509,6,5,407840,3398660,507,5,5,-95.0,519,30.0,120.0,123.69316876852982,-2,-315.96375653207355,-12,6,0,5.541166443639222
1380,2596301,407810.0,3398540.0,10,330,3,3,2585.0,9.2,509,6,5,407850,3398650,508,5,5,-85.5,519,40.0,110.0,117.04699910719626,-1,-310.01689347810003,-11,6,0,5.368850628533446
1381,2596301,407810.0,3398540.0,10,330,3,3,2585.0,9.2,509,6,5,407980,3398640,506,0,5,-89.13,519,170.0,100.0,197.2308292331602,-3,-270.4655449194599,-13,6,0,3.771059962486899
1382,2596301,407810.0,3398540.0,10,330,3,3,2585.0,9.2,509,6,5,407945,3398595,508,0,5,-90.46,519,135.0,55.0,145.7737973711325,-1,-262.16634582208246,-11,6,0,4.315325596080143
1383,2596301,407810.0,3398540.0,10,330,3,3,2585.0,9.2,509,6,5,407960,3398620,507,0,13,-87.69,519,150.0,80.0,170.0,-2,-268.07248693585296,-12,6,0,4.037710620977124
1384,2596301,407810.0,3398540.0,10,330,3,3,2585.0,9.2,509,6,5,408110,3398750,508,0,13,-97.67,519,300.0,210.0,366.1966684720111,-1,-274.99202019855863,-11,6,0,1.7205621179096586
1385,2596301,407810.0,3398540.0,10,330,3,3,2585.0,9.2,509,6,5,407950,3398590,508,0,5,-90.3,519,140.0,50.0,148.66068747318505,-1,-259.6538240580533,-11,6,0,4.231832320221424
1386,2596301,407810.0,3398540.0,10,330,3,3,2585.0,9.2,509,6,5,407965,3398615,507,0,13,-90.83,519,155.0,75.0,172.19175357722565,-2,-265.82099197418927,-12,6,0,3.9864831354124184
1387,2596301,407810.0,3398540.0,10,330,3,3,2585.0,9.2,509,6,5,408085,3398735,507,0,5,-98.33,519,275.0,195.0,337.12015662075146,-2,-275.34010692155766,-12,6,0,2.038617908834948
1388,2596301,407810.0,3398540.0,10,330,3,3,2585.0,9.2,509,6,5,407995,3398625,506,0,10,-85.71,519,185.0,85.0,203.59273071502332,-3,-264.67686317033707,-13,6,0,3.6535455156645793
1389,2596301,407810.0,3398540.0,10,330,3,3,2585.0,9.2,509,6,5,408135,3398765,508,0,13,-99.0,519,325.0,225.0,395.28470752104744,-1,-274.695153531234,-11,6,0,1.5940180552128451
1390,2596301,407810.0,3398540.0,10,330,3,3,2585.0,9.2,509,6,5,408090,3398730,507,0,5,-93.33,519,280.0,190.0,338.3784863137726,-2,-274.1596945456694,-12,6,0,2.0310432517328483
1391,2596301,407810.0,3398540.0,10,330,3,3,2585.0,9.2,509,6,5,407975,3398605,507,0,5,-93.86,519,165.0,65.0,177.341478509682,-2,-261.5014343240479,-12,6,0,3.87107896836623
1392,2596301,407810.0,3398540.0,10,330,3,3,2585.0,9.2,509,6,5,407990,3398630,506,0,10,-91.4,519,180.0,90.0,201.24611797498108,-3,-266.565051177078,-13,6,0,3.696029954025381
1393,2596301,407810.0,3398540.0,10,330,3,3,2585.0,9.2,509,6,5,408095,3398725,507,0,5,-104.75,519,285.0,185.0,339.7793401606401,-2,-272.98852161363453,-12,6,0,2.022676567169992
1394,2596301,407810.0,3398540.0,10,330,3,3,2585.0,9.2,509,6,5,407835,3398465,506,6,5,-98.0,519,25.0,-75.0,79.05694150420949,-3,-168.43494882292202,-13,6,0,9.338059911633533
1395,2596301,407810.0,3398540.0,10,330,3,3,2585.0,9.2,509,6,5,407940,3398600,508,0,5,-89.8,519,130.0,60.0,143.17821063276352,-1,-264.77514056883194,-11,6,0,4.393251834828562
1396,2596301,407810.0,3398540.0,10,330,3,3,2585.0,9.2,509,6,5,407745,3398555,510,0,15,-88.5,519,-65.0,15.0,66.70832032063167,1,-47.005383208083515,-9,6,0,7.683704360641303
1397,2596301,407810.0,3398540.0,10,330,3,3,2585.0,9.2,509,6,5,407805,3398455,505,6,13,-97.5,519,-5.0,-85.0,85.14693182963201,-4,-146.63353933657018,-14,6,0,9.337123973287209
1398,2596301,407810.0,3398540.0,10,330,3,3,2585.0,9.2,509,6,5,407930,3398570,509,0,5,-90.6,519,120.0,30.0,123.69316876852982,0,-254.03624346792645,-10,6,0,4.622036925837125
1399,2596301,407810.0,3398540.0,10,330,3,3,2585.0,9.2,509,6,5,407870,3398670,508,0,5,-90.33,519,60.0,130.0,143.17821063276352,-1,-305.22485943116806,-11,6,0,4.393251834828562
1400,2596301,407810.0,3398540.0,10,330,3,3,2585.0,9.2,509,6,5,408155,3398785,508,0,13,-94.25,519,345.0,245.0,423.14300183271376,-1,-275.38027220030114,-11,6,0,1.4891222510266888
1401,2596301,407810.0,3398540.0,10,330,3,3,2585.0,9.2,509,6,5,407750,3398550,510,0,5,-88.57,519,-60.0,10.0,60.8276253029822,1,-50.537677791974374,-9,6,0,8.416369055792709
1402,2596301,407810.0,3398540.0,10,330,3,3,2585.0,9.2,509,6,5,407825,3398475,506,6,5,-91.0,519,15.0,-65.0,66.70832032063167,-3,-162.99461679191654,-13,6,0,11.02748802543547
1403,2596301,407810.0,3398540.0,10,330,3,3,2585.0,9.2,509,6,5,407780,3398440,505,12,5,-102.5,519,-30.0,-100.0,104.4030650891055,-4,-133.3007557660064,-14,6,0,7.6375553612829945
1404,2596301,407810.0,3398540.0,10,330,3,3,2585.0,9.2,509,6,5,407830,3398470,506,6,5,-95.0,519,20.0,-70.0,72.80109889280519,-3,-165.9453959009229,-13,6,0,10.124521990572138
1405,2596301,407810.0,3398540.0,10,330,3,3,2585.0,9.2,509,6,5,407740,3398560,510,0,15,-84.67,519,-70.0,20.0,72.80109889280519,1,-44.05460409907715,-9,6,0,7.047405805830561
1406,2596301,407810.0,3398540.0,10,330,3,3,2585.0,9.2,509,6,5,407935,3398565,509,0,5,-93.0,519,125.0,25.0,127.47548783981962,0,-251.30993247402023,-10,6,0,4.48546483215546
1407,2596301,407810.0,3398540.0,10,330,3,3,2585.0,9.2,509,6,5,407685,3398495,507,0,6,-93.5,519,-125.0,-45.0,132.85330255586422,-2,-79.79887635452491,-12,6,0,5.161246416015057
1408,2596301,407810.0,3398540.0,10,330,3,3,2585.0,9.2,509,6,5,407800,3398460,506,6,13,-92.33,519,-10.0,-80.0,80.62257748298549,-3,-142.8749836510982,-13,6,0,9.159824730595336
1409,2596301,407810.0,3398540.0,10,330,3,3,2585.0,9.2,509,6,5,407690,3398490,507,0,6,-97.5,519,-120.0,-50.0,130.0,-2,-82.61986494804043,-12,6,0,5.2738959573517645
1410,2596301,407810.0,3398540.0,10,330,3,3,2585.0,9.2,509,6,5,407495,3398330,507,0,5,-101.5,519,-315.0,-210.0,378.5828839237189,-2,-93.69006752597977,-12,6,0,1.815505295085368
1411,2596301,407810.0,3398540.0,10,330,3,3,2585.0,9.2,509,6,5,408065,3398705,506,0,6,-93.67,519,255.0,165.0,303.7268509697488,-3,-272.9052429229879,-13,6,0,2.450856036894624
1412,2596301,407810.0,3398540.0,10,330,3,3,2585.0,9.2,509,6,5,408055,3398695,506,0,6,-91.18,519,245.0,155.0,289.9137802864845,-3,-272.31961650818016,-13,6,0,2.567475448540275
1413,2596301,407810.0,3398540.0,10,330,3,3,2585.0,9.2,509,6,5,408035,3398675,506,0,5,-94.41,519,225.0,135.0,262.39283526803854,-3,-270.9637565320735,-13,6,0,2.8363449549139563
1414,2596301,407810.0,3398540.0,10,330,3,3,2585.0,9.2,509,6,5,408045,3398685,506,0,5,-96.07,519,235.0,145.0,276.1340254296815,-3,-271.6754687381092,-13,6,0,2.6954142040051496
1415,2596301,407810.0,3398540.0,10,330,3,3,2585.0,9.2,509,6,5,408025,3398665,506,0,10,-95.71,519,215.0,125.0,248.69660230891776,-3,-270.17352002964435,-13,6,0,2.992271818795753
1416,2596301,407810.0,3398540.0,10,330,3,3,2585.0,9.2,509,6,5,408005,3398645,506,0,10,-91.14,519,195.0,105.0,221.472345903501,-3,-268.3007557660064,-13,6,0,3.3592972932456258
1417,2596301,407810.0,3398540.0,10,330,3,3,2585.0,9.2,509,6,5,408010,3398660,506,0,5,-91.83,519,200.0,120.0,233.23807579381202,-3,-270.9637565320735,-13,6,0,3.1901963233082684
1418,2596301,407810.0,3398540.0,10,330,3,3,2585.0,9.2,509,6,5,408075,3398715,506,0,5,-92.86,519,265.0,175.0,317.56889016400834,-3,-273.4398692057822,-13,6,0,2.3441511904036663
1419,2596301,407810.0,3398540.0,10,330,3,3,2585.0,9.2,509,6,5,408070,3398720,506,0,6,-90.33,519,260.0,180.0,316.22776601683796,-3,-274.695153531234,-13,6,0,2.354081590975704
1420,2596301,407810.0,3398540.0,10,330,3,3,2585.0,9.2,509,6,5,408040,3398690,506,0,5,-94.17,519,230.0,150.0,274.5906043549196,-3,-273.11134196037204,-13,6,0,2.7105420781590093
1421,2596301,407810.0,3398540.0,10,330,3,3,2585.0,9.2,509,6,5,408030,3398680,506,0,5,-94.75,519,220.0,140.0,260.76809620810593,-3,-272.4711922908485,-13,6,0,2.853987929966948
1422,2596301,407810.0,3398540.0,10,330,3,3,2585.0,9.2,509,6,5,408050,3398700,506,0,6,-88.77,519,240.0,160.0,288.44410203711914,-3,-273.69006752597977,-13,6,0,2.5805395913441105
1423,2596301,407810.0,3398540.0,10,330,3,3,2585.0,9.2,509,6,5,408000,3398650,506,0,5,-91.25,519,190.0,110.0,219.5449840010015,-3,-270.06858282186244,-13,6,0,3.388719776663876
1424,2596301,407810.0,3398540.0,10,330,3,3,2585.0,9.2,509,6,5,408015,3398655,506,0,10,-93.8,519,205.0,115.0,235.05318547086316,-3,-269.29136217098426,-13,6,0,3.165611531769777
1425,2596301,407810.0,3398540.0,10,330,3,3,2585.0,9.2,509,6,5,408020,3398670,506,0,5,-98.0,519,210.0,130.0,246.9817807045694,-3,-271.75948008481276,-13,6,0,3.0130093413117884
1426,2596301,407810.0,3398540.0,10,330,3,3,2585.0,9.2,509,6,5,408060,3398710,506,0,6,-92.63,519,250.0,170.0,302.32432915661946,-3,-274.2157021324374,-13,6,0,2.462211915566997
1427,2596301,407810.0,3398540.0,10,330,3,3,2585.0,9.2,509,6,5,407745,3398725,506,0,5,-82.5,519,-65.0,185.0,196.08671551127577,-3,10.641005824305296,-13,6,0,3.7929990484603264
1428,2596301,407810.0,3398540.0,10,330,3,3,2585.0,9.2,509,6,5,407740,3398730,506,0,15,-90.8,519,-70.0,190.0,202.48456731316588,-3,9.775140568831944,-13,6,0,3.673486142993772
1429,2596301,407810.0,3398540.0,10,330,3,3,2585.0,9.2,509,6,5,408075,3398660,505,0,6,-95.0,519,265.0,120.0,290.90376415577714,-4,-264.3624530153122,-14,6,0,2.7552840199056354
1430,2596301,407810.0,3398540.0,10,330,3,3,2585.0,9.2,509,6,5,408060,3398645,505,0,5,-103.0,519,250.0,105.0,271.15493725912495,-4,-262.7824057304817,-14,6,0,2.955613817911981
1431,2596301,407810.0,3398540.0,10,330,3,3,2585.0,9.2,509,6,5,408055,3398680,506,0,5,-94.0,519,245.0,140.0,282.17902119044925,-3,-269.7448812969422,-13,6,0,2.637753987960403
1432,2596301,407810.0,3398540.0,10,330,3,3,2585.0,9.2,509,6,5,408020,3398685,506,0,5,-85.0,519,210.0,145.0,255.1960031034969,-3,-274.62415507994893,-13,6,0,2.916197089723815
1433,2596301,407810.0,3398540.0,10,330,3,3,2585.0,9.2,509,6,5,408025,3398690,506,0,5,-105.0,519,215.0,150.0,262.15453457836657,-3,-274.9024956159247,-13,6,0,2.838919000609713
1434,2596301,407810.0,3398540.0,10,330,3,3,2585.0,9.2,509,6,5,408035,3398700,506,0,5,-89.89,519,225.0,160.0,276.08875384557047,-3,-275.4170552764674,-13,6,0,2.6958555318970205
1435,2596301,407810.0,3398540.0,10,330,3,3,2585.0,9.2,509,6,5,408050,3398675,506,0,5,-95.0,519,240.0,135.0,275.3633962602873,-3,-269.3577535427913,-13,6,0,2.702946391153861
1436,2596301,407810.0,3398540.0,10,330,3,3,2585.0,9.2,509,6,5,408070,3398655,505,0,6,-91.45,519,260.0,115.0,284.29737951659,-4,-263.86017519134236,-14,6,0,2.8192080460127276
1437,2596301,407810.0,3398540.0,10,330,3,3,2585.0,9.2,509,6,5,408040,3398665,506,0,5,-96.29,519,230.0,125.0,261.7728022541685,-3,-268.52311860631204,-13,6,0,2.8430520901914544
1438,2596301,407810.0,3398540.0,10,330,3,3,2585.0,9.2,509,6,5,408030,3398695,506,0,5,-90.1,519,220.0,155.0,269.1189328159578,-3,-275.1664360357929,-13,6,0,2.7655675619172837
1439,2596301,407810.0,3398540.0,10,330,3,3,2585.0,9.2,509,6,5,408065,3398650,505,0,6,-98.0,519,255.0,110.0,277.71388153997634,-4,-263.33404127670974,-14,6,0,2.8859286458389115
1440,2596301,407810.0,3398540.0,10,330,3,3,2585.0,9.2,509,6,5,408045,3398670,506,0,5,-93.5,519,235.0,130.0,268.5609800399157,-3,-268.9509952074668,-13,6,0,2.7713042592505794
1441,2596301,407810.0,3398540.0,10,330,3,3,2585.0,9.2,509,6,5,407610,3398390,505,0,5,-97.0,519,-200.0,-150.0,250.0,-4,-96.86989764584402,-14,6,0,3.205215931013497
1442,2596301,407810.0,3398540.0,10,330,3,3,2585.0,9.2,509,6,5,407750,3398620,508,0,15,-92.0,519,-60.0,80.0,100.0,-1,-6.869897645844048,-11,6,0,6.2772984895975545
1443,2596301,407810.0,3398540.0,10,330,3,3,2585.0,9.2,509,6,5,407970,3398560,509,0,5,-90.67,519,160.0,20.0,161.24515496597098,0,-247.1250163489018,-10,6,0,3.5487883308747326
1444,2596301,407810.0,3398540.0,10,330,3,3,2585.0,9.2,509,6,5,407885,3398465,506,0,13,-87.4,519,75.0,-75.0,106.06601717798213,-3,-195.0,-13,6,0,6.9876164978196105
1445,2596301,407810.0,3398540.0,10,330,3,3,2585.0,9.2,509,6,5,407955,3398495,509,96,5,-92.25,519,145.0,-45.0,151.82226450688975,0,-222.75854060106002,-10,6,0,3.768428660714024
1446,2596301,407810.0,3398540.0,10,330,3,3,2585.0,9.2,509,6,5,407705,3398565,509,5,15,-94.5,519,-105.0,25.0,107.93516572461452,0,-46.607502246248885,-10,6,0,5.293240796259826
1447,2596301,407810.0,3398540.0,10,330,3,3,2585.0,9.2,509,6,5,407925,3398505,508,0,6,-97.44,519,115.0,-35.0,120.20815280171308,-1,-223.07248693585296,-11,6,0,5.228457144658494
1448,2596301,407810.0,3398540.0,10,330,3,3,2585.0,9.2,509,6,5,407920,3398510,508,0,6,-89.75,519,110.0,-30.0,114.0175425099138,-1,-224.7448812969422,-11,6,0,5.510634651350269
1449,2596301,407810.0,3398540.0,10,330,3,3,2585.0,9.2,509,6,5,407785,3398645,507,0,15,-78.83,519,-25.0,105.0,107.93516572461452,-2,16.607502246248885,-12,6,0,6.343969118339619
1450,2596301,407810.0,3398540.0,10,330,3,3,2585.0,9.2,509,6,5,407780,3398650,507,0,5,-79.57,519,-30.0,110.0,114.0175425099138,-2,14.744881296942197,-12,6,0,6.0080881868734854
1451,2596301,407810.0,3398540.0,10,330,3,3,2585.0,9.2,509,6,5,407790,3398660,507,0,5,-78.33,519,-20.0,120.0,121.6552506059644,-2,20.537677791974374,-12,6,0,5.633397563110582
1452,2596301,407810.0,3398540.0,10,330,3,3,2585.0,9.2,509,6,5,407825,3398685,507,5,5,-96.5,519,15.0,145.0,145.7737973711325,-2,-324.0938588862295,-12,6,0,4.705938913540255
1453,2596301,407810.0,3398540.0,10,330,3,3,2585.0,9.2,509,6,5,407900,3398450,506,0,5,-94.33,519,90.0,-90.0,127.27922061357856,-3,-195.0,-13,6,0,5.831832745591208
1454,2596301,407810.0,3398540.0,10,330,3,3,2585.0,9.2,509,6,5,407915,3398455,507,0,5,-93.5,519,105.0,-85.0,135.09256086106296,-2,-201.00900595749454,-12,6,0,5.076145673849254
1455,2596301,407810.0,3398540.0,10,330,3,3,2585.0,9.2,509,6,5,407910,3398460,507,0,5,-96.0,519,100.0,-80.0,128.06248474865697,-2,-201.34019174590992,-12,6,0,5.353226992926177
1456,2596301,407810.0,3398540.0,10,330,3,3,2585.0,9.2,509,6,5,407775,3398675,507,0,15,-86.06,519,-35.0,135.0,139.46325680981354,-2,15.465544919459887,-12,6,0,4.91785497975493
1457,2596301,407810.0,3398540.0,10,330,3,3,2585.0,9.2,509,6,5,407880,3398470,506,0,6,-92.79,519,70.0,-70.0,98.99494936611666,-3,-195.0,-13,6,0,7.481263524433121
1458,2596301,407810.0,3398540.0,10,330,3,3,2585.0,9.2,509,6,5,407935,3398515,509,0,5,-91.13,519,125.0,-25.0,127.47548783981962,0,-228.69006752597977,-10,6,0,4.48546483215546
1459,2596301,407810.0,3398540.0,10,330,3,3,2585.0,9.2,509,6,5,407945,3398485,508,96,13,-89.8,519,135.0,-55.0,145.7737973711325,-1,-217.83365417791754,-11,6,0,4.315325596080143
1460,2596301,407810.0,3398540.0,10,330,3,3,2585.0,9.2,509,6,5,407930,3398520,509,0,5,-87.33,519,120.0,-20.0,121.6552506059644,0,-230.53767779197437,-10,6,0,4.69911946436983
1461,2596301,407810.0,3398540.0,10,330,3,3,2585.0,9.2,509,6,5,407965,3398545,509,0,10,-88.25,519,155.0,5.0,155.08062419270823,0,-241.8476102659946,-10,6,0,3.689472189832271
1462,2596301,407810.0,3398540.0,10,330,3,3,2585.0,9.2,509,6,5,407800,3398710,506,5,5,-93.0,519,-10.0,170.0,170.29386365926402,-3,26.63353933657021,-13,6,0,4.3654144239716315
1463,2596301,407810.0,3398540.0,10,330,3,3,2585.0,9.2,509,6,5,407795,3398655,507,0,5,-75.86,519,-15.0,115.0,115.97413504743201,-2,22.56859202882748,-12,6,0,5.907449007560881
1464,2596301,407810.0,3398540.0,10,330,3,3,2585.0,9.2,509,6,5,407770,3398680,507,0,15,-84.0,519,-40.0,140.0,145.60219778561037,-2,14.054604099077153,-12,6,0,4.711460148278635
1465,2596301,407810.0,3398540.0,10,330,3,3,2585.0,9.2,509,6,5,407765,3398665,507,5,15,-83.6,519,-45.0,125.0,132.85330255586422,-2,10.201123645475093,-12,6,0,5.161246416015057
1466,2596301,407810.0,3398540.0,10,330,3,3,2585.0,9.2,509,6,5,407960,3398550,509,6,10,-88.67,519,150.0,10.0,150.33296378372907,0,-243.81407483429035,-10,6,0,3.8056521119547404
1467,2596301,407810.0,3398540.0,10,330,3,3,2585.0,9.2,509,6,5,407890,3398480,507,6,13,-94.31,519,80.0,-60.0,100.0,-2,-203.13010235415595,-12,6,0,6.84277341263094
1468,2596301,407810.0,3398540.0,10,330,3,3,2585.0,9.2,509,6,5,407975,3398555,509,0,5,-103.0,519,165.0,15.0,165.6804152578089,0,-245.1944289077348,-10,6,0,3.4540205115104365
1469,2596301,407810.0,3398540.0,10,330,3,3,2585.0,9.2,509,6,5,407870,3398420,505,0,5,-95.0,519,60.0,-120.0,134.16407864998737,-4,-176.56505117707798,-14,6,0,5.957245201015618
1470,2596301,407810.0,3398540.0,10,330,3,3,2585.0,9.2,509,6,5,407980,3398530,509,0,5,-94.78,519,170.0,-10.0,170.29386365926402,0,-236.6335393365702,-10,6,0,3.3606647348940752
1471,2596301,407810.0,3398540.0,10,330,3,3,2585.0,9.2,509,6,5,407995,3398535,509,6,5,-103.5,519,185.0,-5.0,185.06755523321746,0,-238.45184230102205,-10,6,0,3.09293082775465
1472,2596301,407810.0,3398540.0,10,330,3,3,2585.0,9.2,509,6,5,407895,3398475,507,96,5,-92.67,519,85.0,-65.0,107.00467279516349,-2,-202.59464336859145,-12,6,0,6.39867950852648
1473,2596301,407810.0,3398540.0,10,330,3,3,2585.0,9.2,509,6,5,407950,3398500,509,96,5,-93.71,519,140.0,-40.0,145.60219778561037,0,-224.05460409907715,-10,6,0,3.928920496307941
1474,2596301,407810.0,3398540.0,10,330,3,3,2585.0,9.2,509,6,5,407940,3398490,508,96,13,-93.86,519,130.0,-50.0,139.2838827718412,-1,-218.96248897457815,-11,6,0,4.515584452082815
1475,2596301,407810.0,3398540.0,10,330,3,3,2585.0,9.2,509,6,5,407985,3398525,509,0,5,-95.17,519,175.0,-15.0,175.64168070250295,0,-235.10090754621223,-10,6,0,3.2585654777928674
1476,2596301,407810.0,3398540.0,10,330,3,3,2585.0,9.2,509,6,5,407990,3398540,509,6,5,-100.5,519,180.0,0.0,180.0,0,-240.0,-10,6,0,3.1798301198642345
1477,2596301,407810.0,3398540.0,10,330,3,3,2585.0,9.2,509,6,5,408015,3398685,506,0,5,-94.44,519,205.0,145.0,251.09759058979438,-3,-275.2724214485984,-13,6,0,2.9637110527080264
1478,2596301,407810.0,3398540.0,10,330,3,3,2585.0,9.2,509,6,5,408070,3398670,506,0,6,-92.86,519,260.0,130.0,290.68883707497264,-3,-266.565051177078,-13,6,0,2.560638973149915
1479,2596301,407810.0,3398540.0,10,330,3,3,2585.0,9.2,509,6,5,408045,3398655,506,0,5,-90.78,519,235.0,115.0,261.6295090390226,-3,-266.07535558394875,-13,6,0,2.8446066592406063
1480,2596301,407810.0,3398540.0,10,330,3,3,2585.0,9.2,509,6,5,408040,3398660,506,0,10,-92.89,519,230.0,120.0,259.42243542145695,-3,-267.5528115767178,-13,6,0,2.868767302230491
1481,2596301,407810.0,3398540.0,10,330,3,3,2585.0,9.2,509,6,5,408075,3398665,505,0,6,-92.75,519,265.0,125.0,293.00170647967224,-4,-265.2531633945739,-14,6,0,2.7355857908185626
1482,2596301,407810.0,3398540.0,10,330,3,3,2585.0,9.2,509,6,5,408010,3398690,506,9,6,-106.0,519,200.0,150.0,250.0,-3,-276.86989764584405,-13,6,0,2.9766994681117436
1483,2596301,407810.0,3398540.0,10,330,3,3,2585.0,9.2,509,6,5,408055,3398645,505,0,5,-94.09,519,245.0,105.0,266.5520587052368,-4,-263.1985905136482,-14,6,0,3.0065591490544454
1484,2596301,407810.0,3398540.0,10,330,3,3,2585.0,9.2,509,6,5,408050,3398650,505,0,5,-93.78,519,240.0,110.0,264.0075756488817,-4,-264.6235647861636,-14,6,0,3.035482182858605
1485,2596301,407810.0,3398540.0,10,330,3,3,2585.0,9.2,509,6,5,408065,3398675,506,0,6,-95.75,519,255.0,135.0,288.5307609250702,-3,-267.89727103094765,-13,6,0,2.579765585373874
1486,2596301,407810.0,3398540.0,10,330,3,3,2585.0,9.2,509,6,5,408060,3398680,506,0,6,-96.0,519,250.0,140.0,286.53097563788805,-3,-269.248826336547,-13,6,0,2.5977459610640428
1487,2596301,407810.0,3398540.0,10,330,3,3,2585.0,9.2,509,6,5,408035,3398705,506,0,6,-92.75,519,225.0,165.0,279.0161285660741,-3,-276.25383773744477,-13,6,0,2.667612292611077
1488,2596301,407810.0,3398540.0,10,330,3,3,2585.0,9.2,509,6,5,408080,3398620,505,0,6,-101.5,519,270.0,80.0,281.60255680657446,-4,-256.504361381755,-14,6,0,2.8461425786848906
1489,2596301,407810.0,3398540.0,10,330,3,3,2585.0,9.2,509,6,5,407690,3399100,507,0,5,-111.0,519,-120.0,560.0,572.7128425310541,-2,17.905242922987895,-12,6,0,1.2003376083481687
1490,2596301,407810.0,3398540.0,10,330,3,3,2585.0,9.2,509,6,5,407945,3398640,508,9,5,-97.0,519,135.0,100.0,168.00297616411441,-1,-276.52885536698517,-11,6,0,3.746095875499375
1491,2596301,407810.0,3398540.0,10,330,3,3,2585.0,9.2,509,6,5,407850,3398685,507,0,15,-89.67,519,40.0,145.0,150.41608956491322,-2,-314.5778386812613,-12,6,0,4.561322083556315
1492,2596301,407810.0,3398540.0,10,330,3,3,2585.0,9.2,509,6,5,407900,3398675,509,0,5,-94.5,519,90.0,135.0,162.24980739587951,0,-296.30993247402023,-10,6,0,3.52686983589168
1493,2596301,407810.0,3398540.0,10,330,3,3,2585.0,9.2,509,6,5,408120,3398735,507,0,13,-95.08,519,310.0,195.0,366.23080154459973,-2,-272.1712171285446,-12,6,0,1.8766948406176456
1494,2596301,407810.0,3398540.0,10,330,3,3,2585.0,9.2,509,6,5,407925,3398620,509,9,5,-87.25,519,115.0,80.0,140.089257261219,0,-274.8244891569568,-10,6,0,4.083022453842381
1495,2596301,407810.0,3398540.0,10,330,3,3,2585.0,9.2,509,6,5,407930,3398605,509,0,5,-94.5,519,120.0,65.0,136.4734406395618,0,-268.44292862436333,-10,6,0,4.190820246084337
1496,2596301,407810.0,3398540.0,10,330,3,3,2585.0,9.2,509,6,5,408125,3398740,508,0,5,-97.25,519,315.0,200.0,373.1286641361127,-1,-272.4123066183512,-11,6,0,1.6886161438925826
1497,2596301,407810.0,3398540.0,10,330,3,3,2585.0,9.2,509,6,5,408145,3398760,508,0,13,-96.58,519,335.0,220.0,400.7804885470349,-1,-273.2935632708467,-11,6,0,1.5721708164842465
1498,2596301,407810.0,3398540.0,10,330,3,3,2585.0,9.2,509,6,5,407785,3398480,507,0,13,-89.63,519,-25.0,-60.0,65.0,-2,-127.38013505195957,-12,6,0,10.459909092929127
1499,2596301,407810.0,3398540.0,10,330,3,3,2585.0,9.2,509,6,5,407765,3398460,506,0,13,-96.18,519,-45.0,-80.0,91.7877987534291,-3,-120.64224645720873,-13,6,0,8.061244204319364
1500,2596301,407810.0,3398540.0,10,330,3,3,2585.0,9.2,509,6,5,407760,3398455,506,0,5,-99.29,519,-50.0,-85.0,98.6154146165801,-3,-119.53445508054014,-13,6,0,7.509728171073778
1501,2596301,407810.0,3398540.0,10,330,3,3,2585.0,9.2,509,6,5,407935,3398610,509,0,5,-91.6,519,125.0,70.0,143.26548781894402,0,-269.248826336547,-10,6,0,3.9927969435446817
1502,2596301,407810.0,3398540.0,10,330,3,3,2585.0,9.2,509,6,5,407905,3398680,509,0,5,-96.67,519,95.0,140.0,169.1892431568863,0,-295.8403054543306,-10,6,0,3.3825554137374128
1503,2596301,407810.0,3398540.0,10,330,3,3,2585.0,9.2,509,6,5,407870,3398705,507,0,5,-97.0,519,60.0,165.0,175.57049866079439,-2,-310.01689347810003,-12,6,0,3.9100060309689137
1504,2596301,407810.0,3398540.0,10,330,3,3,2585.0,9.2,509,6,5,407715,3398550,510,0,15,-84.33,519,-95.0,10.0,95.524865872714,1,-53.99099404250546,-9,6,0,5.382308488098396
1505,2596301,407810.0,3398540.0,10,330,3,3,2585.0,9.2,509,6,5,407940,3398635,508,9,5,-96.33,519,130.0,95.0,161.01242188104618,-1,-276.15818543980834,-11,6,0,3.908243690291267
1506,2596301,407810.0,3398540.0,10,330,3,3,2585.0,9.2,509,6,5,407880,3398655,509,0,5,-89.5,519,70.0,115.0,134.6291201783626,0,-298.6713071321958,-10,6,0,4.248022666728544
1507,2596301,407810.0,3398540.0,10,330,3,3,2585.0,9.2,509,6,5,408140,3398755,508,0,13,-96.43,519,330.0,215.0,393.8591118661596,-1,-273.08485292873496,-11,6,0,1.599784702182045
1508,2596301,407810.0,3398540.0,10,330,3,3,2585.0,9.2,509,6,5,407960,3398575,508,0,5,-93.0,519,150.0,35.0,154.02921800749363,-1,-253.13402230639633,-11,6,0,4.084844397616577
1509,2596301,407810.0,3398540.0,10,330,3,3,2585.0,9.2,509,6,5,407985,3398600,507,0,5,-90.2,519,175.0,60.0,185.0,-2,-258.92464441605125,-12,6,0,3.711283808020886
1510,2596301,407810.0,3398540.0,10,330,3,3,2585.0,9.2,509,6,5,407970,3398565,508,0,5,-96.0,519,160.0,25.0,161.94134740701648,-1,-248.88065915052027,-11,6,0,3.8858941618762284
1511,2596301,407810.0,3398540.0,10,330,3,3,2585.0,9.2,509,6,5,407790,3398465,506,0,13,-91.33,519,-20.0,-75.0,77.62087348130012,-3,-135.06858282186246,-13,6,0,9.507697598805928
1512,2596301,407810.0,3398540.0,10,330,3,3,2585.0,9.2,509,6,5,407980,3398595,507,0,5,-95.68,519,170.0,55.0,178.67568385205638,-2,-257.92791976200726,-12,6,0,3.842259792560356
1513,2596301,407810.0,3398540.0,10,330,3,3,2585.0,9.2,509,6,5,407990,3398585,507,0,13,-93.0,519,180.0,45.0,185.53975315279473,-2,-254.03624346792645,-12,6,0,3.7005173658394264
1514,2596301,407810.0,3398540.0,10,330,3,3,2585.0,9.2,509,6,5,407995,3398590,507,0,13,-91.81,519,185.0,50.0,191.637678967368,-2,-255.12400730831052,-12,6,0,3.583078396370689
1515,2596301,407810.0,3398540.0,10,330,3,3,2585.0,9.2,509,6,5,408135,3398730,508,0,5,-94.5,519,325.0,190.0,376.46380968162134,-1,-270.3112132266816,-11,6,0,1.6736650036998733
1516,2596301,407810.0,3398540.0,10,330,3,3,2585.0,9.2,509,6,5,407890,3398645,509,0,5,-90.0,519,80.0,105.0,132.00378782444085,0,-292.6960517220166,-10,6,0,4.3321901415073905
1517,2596301,407810.0,3398540.0,10,330,3,3,2585.0,9.2,509,6,5,407975,3398570,508,0,5,-91.67,519,165.0,30.0,167.70509831248424,-1,-250.30484646876602,-11,6,0,3.7527306957678173
1518,2596301,407810.0,3398540.0,10,330,3,3,2585.0,9.2,509,6,5,407780,3398475,507,0,13,-88.7,519,-30.0,-65.0,71.58910531638176,-2,-125.22485943116808,-12,6,0,9.515641976620708
1519,2596301,407810.0,3398540.0,10,330,3,3,2585.0,9.2,509,6,5,407755,3398510,509,6,5,-90.0,519,-55.0,-30.0,62.64982043070834,0,-88.61045966596521,-10,6,0,9.068900168866097
1520,2596301,407810.0,3398540.0,10,330,3,3,2585.0,9.2,509,6,5,408090,3398765,508,0,6,-96.5,519,280.0,225.0,359.2005011132362,-1,-278.78436410029735,-11,6,0,1.7540528635953745
1521,2596301,407810.0,3398540.0,10,330,3,3,2585.0,9.2,509,6,5,408155,3398750,508,0,6,-94.75,519,345.0,210.0,403.8873605350878,-1,-271.32869286780414,-11,6,0,1.5600830150134701
1522,2596301,407810.0,3398540.0,10,330,3,3,2585.0,9.2,509,6,5,407950,3398625,508,0,13,-97.0,519,140.0,85.0,163.783393541592,-1,-271.26373169437744,-11,6,0,3.842321773501071
1523,2596301,407810.0,3398540.0,10,330,3,3,2585.0,9.2,509,6,5,407775,3398450,506,0,5,-94.5,519,-35.0,-90.0,96.56603957913983,-3,-128.74949449286677,-13,6,0,7.667227028264211
1524,2596301,407810.0,3398540.0,10,330,3,3,2585.0,9.2,509,6,5,407685,3398540,509,0,5,-94.5,519,-125.0,0.0,125.0,0,-60.0,-10,6,0,4.573921259900861
1525,2596301,407810.0,3398540.0,10,330,3,3,2585.0,9.2,509,6,5,407965,3398580,508,0,5,-94.57,519,155.0,40.0,160.0781059358212,-1,-254.47029410006587,-11,6,0,3.930983335744289
1526,2596301,407810.0,3398540.0,10,330,3,3,2585.0,9.2,509,6,5,408130,3398725,507,0,5,-96.0,519,320.0,185.0,369.6281915655244,-2,-270.03328043599515,-12,6,0,1.8594576065578938
1527,2596301,407810.0,3398540.0,10,330,3,3,2585.0,9.2,509,6,5,407895,3398650,509,5,5,-99.67,519,85.0,110.0,139.01438774457844,0,-292.30575953331083,-10,6,0,4.114484675107235
1528,2596301,407810.0,3398540.0,10,330,3,3,2585.0,9.2,509,6,5,407795,3398470,506,0,13,-93.33,519,-15.0,-70.0,71.58910531638176,-3,-137.90524292298792,-13,6,0,10.292294574473445
1529,2596301,407810.0,3398540.0,10,330,3,3,2585.0,9.2,509,6,5,407920,3398615,509,0,5,-87.0,519,110.0,75.0,133.13526955694348,0,-274.286876977209,-10,6,0,4.295510386499383
1530,2596301,407810.0,3398540.0,10,330,3,3,2585.0,9.2,509,6,5,408150,3398745,508,0,6,-94.5,519,340.0,205.0,397.0201506221063,-1,-271.08750532347995,-11,6,0,1.587053900456254
1531,2596301,407810.0,3398540.0,10,330,3,3,2585.0,9.2,509,6,5,407955,3398630,507,0,5,-88.0,519,145.0,90.0,170.66048165876012,-2,-271.8274465766731,-12,6,0,4.022135461957692
1532,2596301,407810.0,3398540.0,10,330,3,3,2585.0,9.2,509,6,5,407910,3398665,509,5,6,-98.0,519,100.0,125.0,160.0781059358212,0,-291.3401917459099,-10,6,0,3.5745939215186993
1533,2596301,407810.0,3398540.0,10,330,3,3,2585.0,9.2,509,6,5,407575,3398990,507,0,5,-106.67,519,-235.0,450.0,507.66622893393253,-2,2.4254360403056126,-12,6,0,1.354081294441763
1534,2596301,407810.0,3398540.0,10,330,3,3,2585.0,9.2,509,6,5,407425,3398460,512,0,5,-99.0,519,-385.0,-80.0,393.2238548206352,3,-71.73857120672233,-7,6,0,1.0198468223439325
1535,2596301,407810.0,3398540.0,10,330,3,3,2585.0,9.2,509,6,5,407795,3398445,505,0,13,-98.67,519,-15.0,-95.0,96.17692030835673,-4,-141.0273733851036,-14,6,0,8.282094036546525
1536,2596301,407810.0,3398540.0,10,330,3,3,2585.0,9.2,509,6,5,407680,3398560,508,5,5,-86.5,519,-130.0,20.0,131.52946437965906,-1,-51.25383773744477,-11,6,0,4.780604375954923
1537,2596301,407810.0,3398540.0,10,330,3,3,2585.0,9.2,509,6,5,407925,3398635,509,9,6,-99.33,519,115.0,95.0,149.164338901763,0,-279.5596679689945,-10,6,0,3.8353787700785853
1538,2596301,407810.0,3398540.0,10,330,3,3,2585.0,9.2,509,6,5,407695,3398545,509,0,6,-85.0,519,-115.0,5.0,115.10864433221339,0,-57.51044707800088,-10,6,0,4.96507353827371
1539,2596301,407810.0,3398540.0,10,330,3,3,2585.0,9.2,509,6,5,408145,3398735,508,0,5,-102.5,519,335.0,195.0,387.62094886628614,-1,-270.2032377549426,-11,6,0,1.6255170727569332
1540,2596301,407810.0,3398540.0,10,330,3,3,2585.0,9.2,509,6,5,407730,3398510,509,0,6,-100.0,519,-80.0,-30.0,85.44003745317531,0,-80.55604521958347,-10,6,0,6.67559216607672
1541,2596301,407810.0,3398540.0,10,330,3,3,2585.0,9.2,509,6,5,407755,3398485,508,0,13,-91.11,519,-55.0,-55.0,77.78174593052023,-1,-105.0,-11,6,0,8.049466975528397
1542,2596301,407810.0,3398540.0,10,330,3,3,2585.0,9.2,509,6,5,407780,3398460,506,0,13,-95.44,519,-30.0,-80.0,85.44003745317531,-3,-129.44395478041653,-13,6,0,8.651398193181672
1543,2596301,407810.0,3398540.0,10,330,3,3,2585.0,9.2,509,6,5,407895,3398665,509,5,12,-98.5,519,85.0,125.0,151.16216457830973,0,-295.7842978675626,-10,6,0,3.7848370322598535
1544,2596301,407810.0,3398540.0,10,330,3,3,2585.0,9.2,509,6,5,407760,3398480,507,0,13,-92.2,519,-50.0,-60.0,78.10249675906654,-2,-110.19442890773482,-12,6,0,8.734861486585647
1545,2596301,407810.0,3398540.0,10,330,3,3,2585.0,9.2,509,6,5,407700,3398540,509,0,6,-86.33,519,-110.0,0.0,110.0,0,-60.0,-10,6,0,5.194428907734806
1546,2596301,407810.0,3398540.0,10,330,3,3,2585.0,9.2,509,6,5,407845,3398715,507,0,15,-103.0,519,35.0,175.0,178.46568297574746,-2,-318.69006752597977,-12,6,0,3.846767419926378
1547,2596301,407810.0,3398540.0,10,330,3,3,2585.0,9.2,509,6,5,407785,3398455,506,0,13,-98.6,519,-25.0,-85.0,88.60022573334675,-3,-133.61045966596524,-13,6,0,8.347246914870563
1548,2596301,407810.0,3398540.0,10,330,3,3,2585.0,9.2,509,6,5,407765,3398475,507,0,13,-90.44,519,-45.0,-65.0,79.05694150420949,-2,-115.30484646876604,-12,6,0,8.631004158755234
1549,2596301,407810.0,3398540.0,10,330,3,3,2585.0,9.2,509,6,5,407775,3398465,506,0,13,-91.86,519,-35.0,-75.0,82.76472678623425,-3,-124.9831065219,-13,6,0,8.926613779061553
1550,2596301,407810.0,3398540.0,10,330,3,3,2585.0,9.2,509,6,5,407950,3398610,508,0,13,-91.12,519,140.0,70.0,156.52475842498527,-1,-266.565051177078,-11,6,0,4.019933232484237
1551,2596301,407810.0,3398540.0,10,330,3,3,2585.0,9.2,509,6,5,407910,3398650,509,0,6,-97.29,519,100.0,110.0,148.66068747318505,0,-287.7263109939063,-10,6,0,3.8483337712111756
1552,2596301,407810.0,3398540.0,10,330,3,3,2585.0,9.2,509,6,5,407750,3398490,508,0,5,-95.0,519,-60.0,-50.0,78.10249675906654,-1,-99.80557109226521,-11,6,0,8.016840117433828
1553,2596301,407810.0,3398540.0,10,330,3,3,2585.0,9.2,509,6,5,407965,3398595,508,0,5,-93.33,519,155.0,55.0,164.46884203398528,-1,-259.5366549381284,-11,6,0,3.826355991877475
1554,2596301,407810.0,3398540.0,10,330,3,3,2585.0,9.2,509,6,5,407960,3398600,508,0,5,-92.5,519,150.0,60.0,161.55494421403512,-1,-261.8014094863518,-11,6,0,3.8951597727431078
1555,2596301,407810.0,3398540.0,10,330,3,3,2585.0,9.2,509,6,5,407955,3398605,508,0,13,-93.75,519,145.0,65.0,158.90248582070703,-1,-264.14554196042167,-11,6,0,3.959974033575259
1556,2596301,407810.0,3398540.0,10,330,3,3,2585.0,9.2,509,6,5,407970,3398590,508,0,5,-87.5,519,160.0,50.0,167.6305461424021,-1,-257.35402463626133,-11,6,0,3.754394916509256
1557,2596301,407810.0,3398540.0,10,330,3,3,2585.0,9.2,509,6,5,407975,3398585,508,0,5,-93.93,519,165.0,45.0,171.0263137648707,-1,-255.25511870305775,-11,6,0,3.6800574361851672
1558,2596301,407810.0,3398540.0,10,330,3,3,2585.0,9.2,509,6,5,407905,3398655,509,5,5,-96.33,519,95.0,115.0,149.164338901763,0,-290.4403320310055,-10,6,0,3.8353787700785853
1559,2596301,407810.0,3398540.0,10,330,3,3,2585.0,9.2,509,6,5,407930,3398630,509,9,6,-91.5,519,120.0,90.0,150.0,0,-276.86989764584405,-10,6,0,3.8140748342903543
1560,2596301,407810.0,3398540.0,10,330,3,3,2585.0,9.2,509,6,5,407990,3398570,508,96,13,-91.67,519,180.0,30.0,182.4828759089466,-1,-249.46232220802563,-11,6,0,3.4495941676174513
1561,2596301,407810.0,3398540.0,10,330,3,3,2585.0,9.2,509,6,5,408135,3398745,508,0,5,-94.0,519,325.0,205.0,384.252521136817,-1,-272.2424678391233,-11,6,0,1.639758906311421
1562,2596301,407810.0,3398540.0,10,330,3,3,2585.0,9.2,509,6,5,407915,3398645,509,0,6,-101.5,519,105.0,105.0,148.49242404917499,0,-285.0,-10,6,0,3.852681365429112
1563,2596301,407810.0,3398540.0,10,330,3,3,2585.0,9.2,509,6,5,407890,3398670,509,0,12,-97.33,519,80.0,130.0,152.64337522473747,0,-298.3924977537511,-10,6,0,3.748215187840539
1564,2596301,407810.0,3398540.0,10,330,3,3,2585.0,9.2,509,6,5,407920,3398640,509,9,6,-98.0,519,110.0,100.0,148.66068747318505,0,-282.2736890060937,-10,6,0,3.8483337712111756
1565,2596301,407810.0,3398540.0,10,330,3,3,2585.0,9.2,509,6,5,407935,3398625,508,0,5,-84.5,519,125.0,85.0,151.16216457830973,-1,-274.2157021324374,-11,6,0,4.162050835322316
1566,2596301,407810.0,3398540.0,10,330,3,3,2585.0,9.2,509,6,5,408140,3398740,508,0,6,-91.57,519,330.0,200.0,385.87562763149475,-1,-271.21840276434637,-11,6,0,1.6328653394644306
1567,2596301,407810.0,3398540.0,10,330,3,3,2585.0,9.2,509,6,5,407985,3398575,508,96,5,-98.67,519,175.0,35.0,178.46568297574746,-1,-251.30993247402023,-11,6,0,3.5270493194176233
1568,2596301,407810.0,3398540.0,10,330,3,3,2585.0,9.2,509,6,5,408130,3398750,508,0,13,-95.33,519,320.0,210.0,382.7531841800928,-1,-273.2748879848349,-11,6,0,1.64617871179876
1569,2596301,407810.0,3398540.0,10,330,3,3,2585.0,9.2,509,6,5,407770,3398470,507,0,13,-87.14,519,-40.0,-70.0,80.62257748298549,-2,-120.25511870305778,-12,6,0,8.465848238967707
1570,2596301,407810.0,3398540.0,10,330,3,3,2585.0,9.2,509,6,5,407945,3398615,508,0,13,-94.4,519,135.0,75.0,154.434452114805,-1,-269.05460409907715,-11,6,0,4.074161957528407
1571,2596301,407810.0,3398540.0,10,330,3,3,2585.0,9.2,509,6,5,407940,3398620,508,0,13,-88.5,519,130.0,80.0,152.64337522473747,-1,-271.6075022462489,-11,6,0,4.121803279604525
1572,2596301,407810.0,3398540.0,10,330,3,3,2585.0,9.2,509,6,5,407980,3398580,508,0,5,-92.88,519,170.0,40.0,174.64249196572982,-1,-253.24051991518718,-11,6,0,3.6040604766740834
1573,2596301,407810.0,3398540.0,10,330,3,3,2585.0,9.2,509,6,5,407715,3398755,507,0,15,-104.0,519,-95.0,215.0,235.05318547086316,-2,6.161259816828306,-12,6,0,2.9225426458343438
1574,2596301,407810.0,3398540.0,10,330,3,3,2585.0,9.2,509,6,5,407815,3398575,508,0,6,-84.75,519,5.0,35.0,35.35533905932738,-1,-321.86989764584405,-11,6,0,17.28232754551572
1575,2596301,407810.0,3398540.0,10,330,3,3,2585.0,9.2,509,6,5,407755,3398675,507,0,5,-85.2,519,-55.0,135.0,145.7737973711325,-2,7.833654177917538,-12,6,0,4.705938913540255
1576,2596301,407810.0,3398540.0,10,330,3,3,2585.0,9.2,509,6,5,407790,3398640,507,0,15,-75.0,519,-20.0,100.0,101.9803902718557,-2,18.69006752597977,-12,6,0,6.711115269369334
1577,2596301,407810.0,3398540.0,10,330,3,3,2585.0,9.2,509,6,5,407910,3398520,508,0,5,-92.43,519,100.0,-20.0,101.9803902718557,-1,-228.69006752597977,-11,6,0,6.156342827877712
1578,2596301,407810.0,3398540.0,10,330,3,3,2585.0,9.2,509,6,5,407900,3398510,508,0,5,-91.64,519,90.0,-30.0,94.86832980505137,-1,-221.56505117707798,-11,6,0,6.613921355308278
1579,2596301,407810.0,3398540.0,10,330,3,3,2585.0,9.2,509,6,5,407945,3398465,508,0,13,-96.0,519,135.0,-75.0,154.434452114805,-1,-210.94539590092285,-11,6,0,4.074161957528407
1580,2596301,407810.0,3398540.0,10,330,3,3,2585.0,9.2,509,6,5,407885,3398485,507,6,5,-90.73,519,75.0,-55.0,93.00537618869137,-2,-203.74616226255523,-12,6,0,7.35195900450843
1581,2596301,407810.0,3398540.0,10,330,3,3,2585.0,9.2,509,6,5,407795,3398635,507,0,15,-75.44,519,-15.0,95.0,96.17692030835673,-2,21.0273733851036,-12,6,0,7.1120440075674995
1582,2596301,407810.0,3398540.0,10,330,3,3,2585.0,9.2,509,6,5,407940,3398470,508,0,13,-96.25,519,130.0,-70.0,147.648230602334,-1,-211.69924423399362,-11,6,0,4.260744436859633
1583,2596301,407810.0,3398540.0,10,330,3,3,2585.0,9.2,509,6,5,407860,3398550,509,0,5,-84.88,519,50.0,10.0,50.99019513592785,0,-251.30993247402023,-10,6,0,11.095803283136393
1584,2596301,407810.0,3398540.0,10,330,3,3,2585.0,9.2,509,6,5,407845,3398525,508,0,6,-85.9,519,35.0,-15.0,38.07886552931954,-1,-216.80140948635182,-11,6,0,16.11263892359911
1585,2596301,407810.0,3398540.0,10,330,3,3,2585.0,9.2,509,6,5,407830,3398600,508,0,5,-81.67,519,20.0,60.0,63.245553203367585,-1,-311.565051177078,-11,6,0,9.866486976624879
1586,2596301,407810.0,3398540.0,10,330,3,3,2585.0,9.2,509,6,5,407745,3398665,507,0,15,-84.67,519,-65.0,125.0,140.8900280360537,-2,2.5255683737228765,-12,6,0,4.868293201624035
1587,2596301,407810.0,3398540.0,10,330,3,3,2585.0,9.2,509,6,5,407820,3398590,508,0,6,-78.0,519,10.0,50.0,50.99019513592785,-1,-318.69006752597977,-11,6,0,12.173728850048535
1588,2596301,407810.0,3398540.0,10,330,3,3,2585.0,9.2,509,6,5,407905,3398505,508,0,6,-87.71,519,95.0,-35.0,101.24228365658294,-1,-219.77514056883194,-11,6,0,6.20087723054507
1589,2596301,407810.0,3398540.0,10,330,3,3,2585.0,9.2,509,6,5,407955,3398475,509,0,5,-92.67,519,145.0,-65.0,158.90248582070703,0,-215.85445803957833,-10,6,0,3.6009707747336983
1590,2596301,407810.0,3398540.0,10,330,3,3,2585.0,9.2,509,6,5,407880,3398490,507,0,6,-89.68,519,70.0,-50.0,86.02325267042627,-2,-204.46232220802563,-12,6,0,7.941352033462358
1591,2596301,407810.0,3398540.0,10,330,3,3,2585.0,9.2,509,6,5,407855,3398535,509,0,5,-85.32,519,45.0,-5.0,45.27692569068709,0,-233.65980825409008,-10,6,0,12.454576368475024
1592,2596301,407810.0,3398540.0,10,330,3,3,2585.0,9.2,509,6,5,407840,3398530,509,0,6,-84.95,519,30.0,-10.0,31.622776601683793,0,-221.56505117707798,-10,6,0,17.5484006137923
1593,2596301,407810.0,3398540.0,10,330,3,3,2585.0,9.2,509,6,5,407865,3398545,509,0,6,-86.5,519,55.0,5.0,55.226805085936306,0,-245.1944289077348,-10,6,0,10.26342789199355
1594,2596301,407810.0,3398540.0,10,330,3,3,2585.0,9.2,509,6,5,407870,3398560,509,0,6,-85.76,519,60.0,20.0,63.245553203367585,0,-258.434948822922,-10,6,0,8.984876931685683
1595,2596301,407810.0,3398540.0,10,330,3,3,2585.0,9.2,509,6,5,407850,3398540,509,0,5,-86.1,519,40.0,0.0,40.0,0,-240.0,-10,6,0,14.036243467926479
1596,2596301,407810.0,3398540.0,10,330,3,3,2585.0,9.2,509,6,5,407890,3398500,508,0,6,-88.35,519,80.0,-40.0,89.44271909999159,-1,-213.43494882292202,-11,6,0,7.011242286385542
1597,2596301,407810.0,3398540.0,10,330,3,3,2585.0,9.2,509,6,5,407895,3398495,507,96,5,-89.67,519,85.0,-45.0,96.17692030835673,-2,-212.10272896905235,-12,6,0,7.1120440075674995
1598,2596301,407810.0,3398540.0,10,330,3,3,2585.0,9.2,509,6,5,407800,3398570,509,5,6,-87.75,519,-10.0,30.0,31.622776601683793,0,11.565051177077976,-10,6,0,17.5484006137923
1599,2596301,407810.0,3398540.0,10,330,3,3,2585.0,9.2,509,6,5,407825,3398585,508,0,6,-79.89,519,15.0,45.0,47.43416490252569,-1,-311.565051177078,-11,6,0,13.056133692319438
1600,2596301,407810.0,3398540.0,10,330,3,3,2585.0,9.2,509,6,5,407875,3398555,509,0,5,-85.21,519,65.0,15.0,66.70832032063167,0,-252.99461679191648,-10,6,0,8.525517177156651
1601,2596301,407810.0,3398540.0,10,330,3,3,2585.0,9.2,509,6,5,407835,3398595,508,0,6,-83.29,519,25.0,55.0,60.41522986797286,-1,-305.55604521958344,-11,6,0,10.31899502806499
1602,2596301,407810.0,3398540.0,10,330,3,3,2585.0,9.2,509,6,5,407915,3398515,508,0,5,-88.0,519,105.0,-25.0,107.93516572461452,-1,-226.60750224624888,-11,6,0,5.819095882612557
1603,2596301,407810.0,3398540.0,10,330,3,3,2585.0,9.2,509,6,5,407950,3398480,509,96,5,-98.0,519,140.0,-60.0,152.31546211727817,0,-216.80140948635182,-10,6,0,3.7562614748814744
1604,2596301,407810.0,3398540.0,10,330,3,3,2585.0,9.2,509,6,5,407750,3398680,507,5,5,-86.57,519,-60.0,140.0,152.31546211727817,-2,6.801409486351815,-12,6,0,4.5046780082949835
1605,2596301,407810.0,3398540.0,10,330,3,3,2585.0,9.2,509,6,5,407710,3398630,507,5,15,-83.5,519,-100.0,90.0,134.5362404707371,-2,-18.012787504183336,-12,6,0,5.097025685817297
1606,2596301,407810.0,3398540.0,10,330,3,3,2585.0,9.2,509,6,5,407780,3398720,506,5,6,-98.5,519,-30.0,180.0,182.4828759089466,-3,20.537677791974374,-13,6,0,4.074842117056897
1607,2596301,407810.0,3398540.0,10,330,3,3,2585.0,9.2,509,6,5,407990,3398510,509,6,6,-99.5,519,180.0,-30.0,182.4828759089466,0,-230.53767779197437,-10,6,0,3.1366520947877183
1608,2596301,407810.0,3398540.0,10,330,3,3,2585.0,9.2,509,6,5,407920,3398540,509,0,10,-93.6,519,110.0,0.0,110.0,0,-240.0,-10,6,0,5.194428907734806
1609,2596301,407810.0,3398540.0,10,330,3,3,2585.0,9.2,509,6,5,407930,3398530,509,0,10,-93.14,519,120.0,-10.0,120.41594578792295,0,-235.23635830927384,-10,6,0,4.7472622548526
1610,2596301,407810.0,3398540.0,10,330,3,3,2585.0,9.2,509,6,5,408180,3398800,508,0,5,-105.5,519,370.0,260.0,452.21676218380054,-1,-275.09581678702614,-11,6,0,1.3934231703859064
1611,2596301,407810.0,3398540.0,10,330,3,3,2585.0,9.2,509,6,5,407965,3398495,509,96,5,-97.25,519,155.0,-45.0,161.40012391568973,0,-223.81079374297303,-10,6,0,3.545389643469916
1612,2596301,407810.0,3398540.0,10,330,3,3,2585.0,9.2,509,6,5,407820,3398680,507,5,5,-92.8,519,10.0,140.0,140.356688476182,-2,-325.9143832200251,-12,6,0,4.886702754092818
1613,2596301,407810.0,3398540.0,10,330,3,3,2585.0,9.2,509,6,5,407730,3398570,510,0,5,-84.2,519,-80.0,30.0,85.44003745317531,1,-39.44395478041656,-9,6,0,6.0131922412668795
1614,2596301,407810.0,3398540.0,10,330,3,3,2585.0,9.2,509,6,5,407755,3398585,509,5,5,-79.17,519,-55.0,45.0,71.06335201775947,0,-20.710593137499643,-10,6,0,8.010038745332457
1615,2596301,407810.0,3398540.0,10,330,3,3,2585.0,9.2,509,6,5,408185,3398795,508,0,13,-95.67,519,375.0,255.0,453.48649373492924,-1,-274.2157021324374,-11,6,0,1.389523211363832
1616,2596301,407810.0,3398540.0,10,330,3,3,2585.0,9.2,509,6,5,407910,3398430,506,6,5,-102.0,519,100.0,-110.0,148.66068747318505,-3,-192.27368900609372,-13,6,0,4.997657319386567
1617,2596301,407810.0,3398540.0,10,330,3,3,2585.0,9.2,509,6,5,407875,3398465,506,0,6,-91.44,519,65.0,-75.0,99.24716620639605,-3,-190.91438322002512,-13,6,0,7.462465938155351
1618,2596301,407810.0,3398540.0,10,330,3,3,2585.0,9.2,509,6,5,407975,3398485,509,0,13,-94.6,519,165.0,-55.0,173.92527130926086,0,-221.56505117707798,-10,6,0,3.29065282866828
1619,2596301,407810.0,3398540.0,10,330,3,3,2585.0,9.2,509,6,5,407970,3398490,509,0,13,-85.33,519,160.0,-50.0,167.6305461424021,0,-222.64597536373867,-10,6,0,3.4139337407573396
1620,2596301,407810.0,3398540.0,10,330,3,3,2585.0,9.2,509,6,5,407830,3398670,507,0,5,-102.5,519,20.0,130.0,131.52946437965906,-2,-321.25383773744477,-12,6,0,5.21290934281268
1621,2596301,407810.0,3398540.0,10,330,3,3,2585.0,9.2,509,6,5,407805,3398655,507,0,15,-85.42,519,-5.0,115.0,115.10864433221339,-2,27.510447078000823,-12,6,0,5.951548902463333
1622,2596301,407810.0,3398540.0,10,330,3,3,2585.0,9.2,509,6,5,407835,3398665,507,5,5,-93.6,519,25.0,125.0,127.47548783981962,-2,-318.69006752597977,-12,6,0,5.377733249708988
1623,2596301,407810.0,3398540.0,10,330,3,3,2585.0,9.2,509,6,5,407760,3398700,506,0,15,-85.83,519,-50.0,160.0,167.6305461424021,-3,12.645975363738671,-13,6,0,4.434497718773826
1624,2596301,407810.0,3398540.0,10,330,3,3,2585.0,9.2,509,6,5,407765,3398695,506,0,15,-85.27,519,-45.0,155.0,161.40012391568973,-3,13.810793742973033,-13,6,0,4.604957065555667
1625,2596301,407810.0,3398540.0,10,330,3,3,2585.0,9.2,509,6,5,408165,3398775,508,0,13,-92.07,519,355.0,235.0,425.73465914816,-1,-273.5034369824142,-11,6,0,1.4800612722581836
1626,2596301,407810.0,3398540.0,10,330,3,3,2585.0,9.2,509,6,5,407955,3398545,509,0,10,-89.6,519,145.0,5.0,145.08618128546908,0,-241.97493401088195,-10,6,0,3.9428501794597177
1627,2596301,407810.0,3398540.0,10,330,3,3,2585.0,9.2,509,6,5,407950,3398550,509,6,10,-96.33,519,140.0,10.0,140.356688476182,0,-244.08561677997488,-10,6,0,4.0752690281321
1628,2596301,407810.0,3398540.0,10,330,3,3,2585.0,9.2,509,6,5,407770,3398690,506,0,5,-85.03,519,-40.0,150.0,155.24174696260025,-3,15.068582821862435,-13,6,0,4.786801067113345
1629,2596301,407810.0,3398540.0,10,330,3,3,2585.0,9.2,509,6,5,407775,3398685,506,0,15,-83.87,519,-35.0,145.0,149.164338901763,-3,16.42956561483851,-13,6,0,4.980867826262861
1630,2596301,407810.0,3398540.0,10,330,3,3,2585.0,9.2,509,6,5,407810,3398650,507,5,15,-92.54,519,0.0,110.0,110.0,-2,-330.0,-12,6,0,6.225829064425769
1631,2596301,407810.0,3398540.0,10,330,3,3,2585.0,9.2,509,6,5,408160,3398780,508,0,5,-93.11,519,350.0,240.0,424.38190347845887,-1,-274.4389893088036,-11,6,0,1.484776992790083
1632,2596301,407810.0,3398540.0,10,330,3,3,2585.0,9.2,509,6,5,407960,3398500,509,96,5,-91.0,519,150.0,-40.0,155.24174696260025,0,-225.06858282186244,-10,6,0,3.6856535095256104
1633,2596301,407810.0,3398540.0,10,330,3,3,2585.0,9.2,509,6,5,407795,3398705,506,0,6,-81.67,519,-15.0,165.0,165.6804152578089,-3,24.80557109226521,-13,6,0,4.486481828024287
1634,2596301,407810.0,3398540.0,10,330,3,3,2585.0,9.2,509,6,5,407870,3398470,506,0,5,-93.86,519,60.0,-70.0,92.19544457292888,-3,-190.6012946450045,-13,6,0,8.026066553900723
1635,2596301,407810.0,3398540.0,10,330,3,3,2585.0,9.2,509,6,5,407865,3398475,506,0,5,-93.79,519,55.0,-65.0,85.14693182963201,-3,-190.23635830927378,-13,6,0,8.680726449238696
1636,2596301,407810.0,3398540.0,10,330,3,3,2585.0,9.2,509,6,5,407800,3398660,507,0,5,-79.4,519,-10.0,120.0,120.41594578792295,-2,25.23635830927384,-12,6,0,5.69099707460626
1637,2596301,407810.0,3398540.0,10,330,3,3,2585.0,9.2,509,6,5,407735,3398565,510,0,15,-85.75,519,-75.0,25.0,79.05694150420949,1,-41.565051177077976,-9,6,0,6.494705075466956
1638,2596301,407810.0,3398540.0,10,330,3,3,2585.0,9.2,509,6,5,407860,3398480,507,0,13,-97.86,519,50.0,-60.0,78.10249675906654,-2,-189.80557109226515,-12,6,0,8.734861486585647
1639,2596301,407810.0,3398540.0,10,330,3,3,2585.0,9.2,509,6,5,407985,3398515,509,0,6,-90.33,519,175.0,-25.0,176.7766952966369,0,-231.86989764584405,-10,6,0,3.2376881462291043
1640,2596301,407810.0,3398540.0,10,330,3,3,2585.0,9.2,509,6,5,407840,3398460,506,6,5,-94.33,519,30.0,-80.0,85.44003745317531,-3,-170.55604521958344,-13,6,0,8.651398193181672
1641,2596301,407810.0,3398540.0,10,330,3,3,2585.0,9.2,509,6,5,407925,3398535,509,0,10,-86.64,519,115.0,-5.0,115.10864433221339,0,-237.51044707800082,-10,6,0,4.96507353827371
1642,2596301,407810.0,3398540.0,10,330,3,3,2585.0,9.2,509,6,5,407940,3398560,509,6,5,-96.29,519,130.0,20.0,131.52946437965906,0,-248.74616226255523,-10,6,0,4.347753151335396
1643,2596301,407810.0,3398540.0,10,330,3,3,2585.0,9.2,509,6,5,407845,3398455,505,6,5,-93.33,519,35.0,-85.0,91.92388155425118,-4,-172.38013505195954,-14,6,0,8.659598042093156
1644,2596301,407810.0,3398540.0,10,330,3,3,2585.0,9.2,509,6,5,407855,3398445,505,6,5,-92.25,519,45.0,-95.0,105.11898020814318,-4,-175.34617594194674,-14,6,0,7.5861474454823
1645,2596301,407810.0,3398540.0,10,330,3,3,2585.0,9.2,509,6,5,407850,3398450,505,6,5,-93.5,519,40.0,-90.0,98.48857801796105,-4,-173.96248897457815,-14,6,0,8.090306141289219
1646,2596301,407810.0,3398540.0,10,330,3,3,2585.0,9.2,509,6,5,407790,3398710,506,5,6,-89.75,519,-20.0,170.0,171.1724276862369,-3,23.290163192243085,-13,6,0,4.343094333887982
1647,2596301,407810.0,3398540.0,10,330,3,3,2585.0,9.2,509,6,5,407825,3398675,507,0,5,-95.14,519,15.0,135.0,135.83077707206124,-2,-323.6598082540901,-12,6,0,5.0487006906907475
1648,2596301,407810.0,3398540.0,10,330,3,3,2585.0,9.2,509,6,5,407785,3398715,506,5,6,-88.6,519,-25.0,175.0,176.7766952966369,-3,21.86989764584405,-13,6,0,4.205909410095822
1649,2596301,407810.0,3398540.0,10,330,3,3,2585.0,9.2,509,6,5,407935,3398525,509,0,5,-90.62,519,125.0,-15.0,125.89678312014172,0,-233.15722658736905,-10,6,0,4.541477258614925
1650,2596301,407810.0,3398540.0,10,330,3,3,2585.0,9.2,509,6,5,407980,3398520,509,0,5,-94.67,519,170.0,-20.0,171.1724276862369,0,-233.29016319224309,-10,6,0,3.343454932003705
1651,2596301,407810.0,3398540.0,10,330,3,3,2585.0,9.2,509,6,5,408170,3398770,508,0,5,-103.0,519,360.0,230.0,427.20018726587654,-1,-272.5740571345725,-11,6,0,1.474986106965172
1652,2596301,407810.0,3398540.0,10,330,3,3,2585.0,9.2,509,6,5,407945,3398555,509,6,5,-93.56,519,135.0,15.0,135.83077707206124,0,-246.34019174590992,-10,6,0,4.210577357609904
1653,2596301,407810.0,3398540.0,10,330,3,3,2585.0,9.2,509,6,5,407905,3398620,510,0,6,-101.5,519,95.0,80.0,124.19742348374221,1,-280.1009075462122,-9,6,0,4.1447094230434685
1654,2596301,407810.0,3398540.0,10,330,3,3,2585.0,9.2,509,6,5,407945,3398660,508,0,6,-107.0,519,135.0,120.0,180.62391868188442,-1,-281.6335393365702,-11,6,0,3.485009872777641
1655,2596301,407810.0,3398540.0,10,330,3,3,2585.0,9.2,509,6,5,407800,3398555,509,6,7,-83.0,519,-10.0,15.0,18.027756377319946,0,-3.690067525979771,-10,6,0,29.017140624601524
1656,2596301,407810.0,3398540.0,10,330,3,3,2585.0,9.2,509,6,5,407950,3398645,508,9,6,-87.67,519,140.0,105.0,175.0,-1,-276.86989764584405,-11,6,0,3.5967170776284667
1657,2596301,407810.0,3398540.0,10,330,3,3,2585.0,9.2,509,6,5,407845,3398600,508,0,6,-84.0,519,35.0,60.0,69.46221994724903,-1,-299.74356283647074,-11,6,0,8.99860404172194
1658,2596301,407810.0,3398540.0,10,330,3,3,2585.0,9.2,509,6,5,407730,3398465,507,0,2,-95.25,519,-80.0,-75.0,109.65856099730654,-2,-103.1523897340054,-12,6,0,6.245061217624237
1659,2596301,407810.0,3398540.0,10,330,3,3,2585.0,9.2,509,6,5,407915,3398610,509,0,5,-83.67,519,105.0,70.0,126.19429464123962,0,-273.69006752597977,-10,6,0,4.53081505282546
1660,2596301,407810.0,3398540.0,10,330,3,3,2585.0,9.2,509,6,5,407785,3398500,508,0,5,-93.24,519,-25.0,-40.0,47.16990566028302,-1,-117.99461679191651,-11,6,0,13.126751760351867
1661,2596301,407810.0,3398540.0,10,330,3,3,2585.0,9.2,509,6,5,407815,3398550,509,6,6,-88.0,519,5.0,10.0,11.180339887498949,0,-303.434948822922,-10,6,0,41.810314895778596
1662,2596301,407810.0,3398540.0,10,330,3,3,2585.0,9.2,509,6,5,407705,3398420,506,0,5,-94.5,519,-105.0,-120.0,159.45218719101973,-3,-108.81407483429035,-13,6,0,4.6609668311061885
1663,2596301,407810.0,3398540.0,10,330,3,3,2585.0,9.2,509,6,5,407875,3398570,509,0,5,-86.23,519,65.0,30.0,71.58910531638176,0,-264.77514056883194,-10,6,0,7.951967926347943
1664,2596301,407810.0,3398540.0,10,330,3,3,2585.0,9.2,509,6,5,407790,3398485,507,0,13,-85.95,519,-20.0,-55.0,58.52349955359813,-2,-130.01689347810003,-12,6,0,11.587646597953396
1665,2596301,407810.0,3398540.0,10,330,3,3,2585.0,9.2,509,6,5,407835,3398530,509,0,5,-82.28,519,25.0,-10.0,26.92582403567252,0,-218.19859051364818,-10,6,0,20.374527188735197
1666,2596301,407810.0,3398540.0,10,330,3,3,2585.0,9.2,509,6,5,407895,3398630,510,0,6,-90.3,519,85.0,90.0,123.79418403139947,1,-286.6365770416167,-9,6,0,4.1581628624022064
1667,2596301,407810.0,3398540.0,10,330,3,3,2585.0,9.2,509,6,5,407820,3398535,509,0,13,-79.22,519,10.0,-5.0,11.180339887498949,0,-213.43494882292202,-10,6,0,41.810314895778596
1668,2596301,407810.0,3398540.0,10,330,3,3,2585.0,9.2,509,6,5,407900,3398615,510,0,6,-92.29,519,90.0,75.0,117.15374513859982,1,-279.8055710922652,-9,6,0,4.392955384314265
1669,2596301,407810.0,3398540.0,10,330,3,3,2585.0,9.2,509,6,5,407910,3398605,509,0,5,-90.54,519,100.0,65.0,119.26860441876563,0,-273.02386755579664,-10,6,0,4.792718293725628
1670,2596301,407810.0,3398540.0,10,330,3,3,2585.0,9.2,509,6,5,407870,3398565,509,0,6,-85.71,519,60.0,25.0,65.0,0,-262.61986494804046,-10,6,0,8.74616226255521
1671,2596301,407810.0,3398540.0,10,330,3,3,2585.0,9.2,509,6,5,407885,3398640,509,0,5,-89.86,519,75.0,100.0,125.0,0,-293.13010235415595,-10,6,0,4.573921259900861
1672,2596301,407810.0,3398540.0,10,330,3,3,2585.0,9.2,509,6,5,407750,3398445,506,0,5,-86.0,519,-60.0,-95.0,112.36102527122117,-3,-117.72435568542238,-13,6,0,6.599690946597553
1673,2596301,407810.0,3398540.0,10,330,3,3,2585.0,9.2,509,6,5,407755,3398450,506,0,2,-87.0,519,-55.0,-90.0,105.47511554864494,-3,-118.57043438516149,-13,6,0,7.026372884218907
1674,2596301,407810.0,3398540.0,10,330,3,3,2585.0,9.2,509,6,5,407830,3398525,508,0,13,-85.13,519,20.0,-15.0,25.0,-1,-203.13010235415595,-11,6,0,23.74949449286676
1675,2596301,407810.0,3398540.0,10,330,3,3,2585.0,9.2,509,6,5,407855,3398590,509,0,6,-89.65,519,45.0,50.0,67.26812023536856,0,-288.01278750418334,-10,6,0,8.455598371470435
1676,2596301,407810.0,3398540.0,10,330,3,3,2585.0,9.2,509,6,5,407850,3398585,509,0,6,-87.31,519,40.0,45.0,60.207972893961475,0,-288.3664606634298,-10,6,0,9.430225138005694
1677,2596301,407810.0,3398540.0,10,330,3,3,2585.0,9.2,509,6,5,407890,3398625,510,0,6,-87.2,519,80.0,85.0,116.72617529928752,1,-286.7357045889284,-9,6,0,4.408983516366096
1678,2596301,407810.0,3398540.0,10,330,3,3,2585.0,9.2,509,6,5,407995,3398690,506,9,6,-95.33,519,185.0,150.0,238.17010727629108,-3,-279.0355128987469,-13,6,0,3.1242659266080226
1679,2596301,407810.0,3398540.0,10,330,3,3,2585.0,9.2,509,6,5,407780,3398495,508,0,13,-96.44,519,-30.0,-45.0,54.08326913195984,-1,-116.30993247402023,-11,6,0,11.496576301597276
1680,2596301,407810.0,3398540.0,10,330,3,3,2585.0,9.2,509,6,5,407825,3398540,509,0,6,-80.25,519,15.0,0.0,15.0,0,-240.0,-10,6,0,33.690067525979785
1681,2596301,407810.0,3398540.0,10,330,3,3,2585.0,9.2,509,6,5,407865,3398580,509,0,6,-85.2,519,55.0,40.0,68.00735254367721,0,-276.0273733851036,-10,6,0,8.364994453540968
1682,2596301,407810.0,3398540.0,10,330,3,3,2585.0,9.2,509,6,5,407880,3398635,509,0,5,-93.22,519,70.0,95.0,118.00423721205946,0,-293.6156481841641,-10,6,0,4.843827267755596
1683,2596301,407810.0,3398540.0,10,330,3,3,2585.0,9.2,509,6,5,407765,3398520,509,6,6,-95.54,519,-45.0,-20.0,49.24428900898052,0,-83.9624889745782,-10,6,0,11.478922718978371
1684,2596301,407810.0,3398540.0,10,330,3,3,2585.0,9.2,509,6,5,407775,3398510,508,0,5,-97.22,519,-35.0,-30.0,46.09772228646444,-1,-100.60129464500449,-11,6,0,13.421137939554741
1685,2596301,407810.0,3398540.0,10,330,3,3,2585.0,9.2,509,6,5,407770,3398505,508,0,5,-97.24,519,-40.0,-35.0,53.150729063673246,-1,-101.18592516570965,-11,6,0,11.69277781216904
1686,2596301,407810.0,3398540.0,10,330,3,3,2585.0,9.2,509,6,5,407760,3398515,509,6,6,-97.83,519,-50.0,-25.0,55.90169943749474,0,-86.56505117707798,-10,6,0,10.142106156573984
1687,2596301,407810.0,3398540.0,10,330,3,3,2585.0,9.2,509,6,5,407795,3398490,507,0,5,-88.43,519,-15.0,-50.0,52.20153254455275,-2,-133.3007557660064,-12,6,0,12.94614223456326
1688,2596301,407810.0,3398540.0,10,330,3,3,2585.0,9.2,509,6,5,407860,3398575,509,0,5,-84.38,519,50.0,35.0,61.032778078668514,0,-274.99202019855863,-10,6,0,9.305027682630422
1689,2596301,407810.0,3398540.0,10,330,3,3,2585.0,9.2,509,6,5,407840,3398595,508,0,6,-81.25,519,30.0,55.0,62.64982043070834,-1,-301.3895403340348,-11,6,0,9.958437191788251
1690,2596301,407810.0,3398540.0,10,330,3,3,2585.0,9.2,509,6,5,407735,3398470,508,0,5,-94.0,519,-75.0,-70.0,102.59142264341595,-1,-103.02506598911802,-11,6,0,6.119954858156983
1691,2596301,407810.0,3398540.0,10,330,3,3,2585.0,9.2,509,6,5,407940,3398655,508,0,7,-104.67,519,130.0,115.0,173.5655495770978,-1,-281.49646835521554,-11,6,0,3.626363520669304
1692,2596301,407810.0,3398540.0,10,330,3,3,2585.0,9.2,509,6,5,408075,3398770,508,36,6,-95.5,519,265.0,230.0,350.891721190455,-1,-280.9555144258189,-11,6,0,1.795560281267569
1693,2596301,407810.0,3398540.0,10,330,3,3,2585.0,9.2,509,6,5,407930,3398665,508,0,6,-101.5,519,120.0,125.0,173.27723451163456,-1,-286.16913932790743,-11,6,0,3.6323812663997987
1694,2596301,407810.0,3398540.0,10,330,3,3,2585.0,9.2,509,6,5,407745,3398460,507,0,5,-89.0,519,-65.0,-80.0,103.07764064044152,-2,-110.9061411137705,-12,6,0,6.640317538681618
1695,2596301,407810.0,3398540.0,10,330,3,3,2585.0,9.2,509,6,5,407775,3398730,506,0,6,-99.91,519,-35.0,190.0,193.19679086361657,-3,19.562524648881833,-13,6,0,3.849567094122599
1696,2596301,407810.0,3398540.0,10,330,3,3,2585.0,9.2,509,6,5,407770,3398725,506,0,5,-100.4,519,-40.0,185.0,189.274932307477,-3,17.79953127261922,-13,6,0,3.929084482334294
1697,2596301,407810.0,3398540.0,10,330,3,3,2585.0,9.2,509,6,5,407765,3398740,506,5,6,-92.0,519,-45.0,200.0,205.0,-3,17.31961650818016,-13,6,0,3.628532155436422
1698,2596301,407810.0,3398540.0,10,330,3,3,2585.0,9.2,509,6,5,408010,3398550,508,6,10,-94.5,519,200.0,10.0,200.24984394500785,-1,-242.86240522611172,-11,6,0,3.1441762279752514
1699,2596301,407810.0,3398540.0,10,330,3,3,2585.0,9.2,509,6,5,407775,3398785,507,5,5,-109.5,519,-35.0,245.0,247.48737341529164,-2,21.86989764584405,-12,6,0,2.775944846286233
1700,2596301,407810.0,3398540.0,10,330,3,3,2585.0,9.2,509,6,5,407655,3398565,506,0,15,-91.0,519,-155.0,25.0,157.00318468107582,-3,-50.83765295427827,-13,6,0,4.733342752913574
1701,2596301,407810.0,3398540.0,10,330,3,3,2585.0,9.2,509,6,5,407640,3398875,505,0,5,-101.0,519,-170.0,335.0,375.6660751252367,-4,3.0939065440631452,-14,6,0,2.134262120098379
1702,2596301,407810.0,3398540.0,10,330,3,3,2585.0,9.2,509,6,5,407520,3398890,503,0,15,-107.0,519,-290.0,350.0,454.53272709454046,-6,-9.644174957144799,-16,6,0,2.016035490752189
1703,2596301,407810.0,3398540.0,10,330,3,3,2585.0,9.2,509,6,5,407960,3398635,507,0,5,-95.0,519,150.0,95.0,177.55280904564702,-2,-272.347443499442,-12,6,0,3.8664854373676993
1704,2596301,407810.0,3398540.0,10,330,3,3,2585.0,9.2,509,6,5,407825,3398460,505,0,13,-90.5,519,15.0,-80.0,81.39410298049853,-4,-160.61965527615507,-14,6,0,9.75952777665432
1705,2596301,407810.0,3398540.0,10,330,3,3,2585.0,9.2,509,6,5,407810,3398465,506,6,13,-94.5,519,0.0,-75.0,75.0,-3,-150.0,-13,6,0,9.833563964207116
1706,2596301,407810.0,3398540.0,10,330,3,3,2585.0,9.2,509,6,5,407980,3398615,507,0,5,-90.82,519,170.0,75.0,185.80904176062046,-2,-263.8059435184577,-12,6,0,3.6951691639338042
1707,2596301,407810.0,3398540.0,10,330,3,3,2585.0,9.2,509,6,5,408150,3398765,508,0,5,-94.14,519,340.0,225.0,407.7070026379238,-1,-273.49518467374116,-11,6,0,1.5454743497256098
1708,2596301,407810.0,3398540.0,10,330,3,3,2585.0,9.2,509,6,5,408155,3398770,508,0,13,-95.9,519,345.0,230.0,414.6383966783588,-1,-273.69006752597977,-11,6,0,1.5196513048573703
1709,2596301,407810.0,3398540.0,10,330,3,3,2585.0,9.2,509,6,5,407975,3398630,507,0,5,-88.85,519,165.0,90.0,187.94946129212502,-2,-268.6104596659652,-12,6,0,3.653202186346804
1710,2596301,407810.0,3398540.0,10,330,3,3,2585.0,9.2,509,6,5,408105,3398740,507,0,13,-91.33,519,295.0,200.0,356.4056677439347,-2,-274.13594007791227,-12,6,0,1.928391669675011
1711,2596301,407810.0,3398540.0,10,330,3,3,2585.0,9.2,509,6,5,407935,3398590,509,0,5,-96.25,519,125.0,50.0,134.6291201783626,0,-261.8014094863518,-10,6,0,4.248022666728544
1712,2596301,407810.0,3398540.0,10,330,3,3,2585.0,9.2,509,6,5,407970,3398625,507,0,5,-89.26,519,160.0,85.0,181.1767093199344,-2,-267.9794743884801,-12,6,0,3.789375529336595
1713,2596301,407810.0,3398540.0,10,330,3,3,2585.0,9.2,509,6,5,408130,3398785,508,0,5,-97.5,519,320.0,245.0,403.01985062773275,-1,-277.43857157233305,-11,6,0,1.56343946626158
1714,2596301,407810.0,3398540.0,10,330,3,3,2585.0,9.2,509,6,5,407995,3398610,507,0,13,-89.76,519,185.0,70.0,197.80040444852483,-2,-260.7255588655605,-12,6,0,3.471720408716311
1715,2596301,407810.0,3398540.0,10,330,3,3,2585.0,9.2,509,6,5,408090,3398745,507,0,5,-93.67,519,280.0,205.0,347.02305398921266,-2,-276.20945681718604,-12,6,0,1.9804894618865347
1716,2596301,407810.0,3398540.0,10,330,3,3,2585.0,9.2,509,6,5,407985,3398620,506,0,10,-89.55,519,175.0,80.0,192.41881404893857,-3,-264.5671713206013,-13,6,0,3.8650843639986467
1717,2596301,407810.0,3398540.0,10,330,3,3,2585.0,9.2,509,6,5,408115,3398730,507,0,13,-93.67,519,305.0,190.0,359.339672176619,-2,-271.9208762199332,-12,6,0,1.9126581159715734
1718,2596301,407810.0,3398540.0,10,330,3,3,2585.0,9.2,509,6,5,407955,3398570,508,6,5,-95.67,519,145.0,30.0,148.07092894960846,-1,-251.6893691754392,-11,6,0,4.248625883261355
1719,2596301,407810.0,3398540.0,10,330,3,3,2585.0,9.2,509,6,5,407945,3398580,509,0,5,-92.5,519,135.0,40.0,140.80127840328723,0,-256.504361381755,-10,6,0,4.062444231274032
1720,2596301,407810.0,3398540.0,10,330,3,3,2585.0,9.2,509,6,5,407800,3398475,506,0,13,-88.71,519,-10.0,-65.0,65.76473218982953,-3,-141.2538377374448,-13,6,0,11.181749849937784
1721,2596301,407810.0,3398540.0,10,330,3,3,2585.0,9.2,509,6,5,408100,3398735,507,0,5,-98.5,519,290.0,195.0,349.4638751001311,-2,-273.91743053697036,-12,6,0,1.9666676867259092
1722,2596301,407810.0,3398540.0,10,330,3,3,2585.0,9.2,509,6,5,407690,3398505,508,0,5,-88.33,519,-120.0,-35.0,125.0,-1,-76.26020470831196,-11,6,0,5.029073581785447
1723,2596301,407810.0,3398540.0,10,330,3,3,2585.0,9.2,509,6,5,407990,3398605,507,0,13,-87.11,519,180.0,65.0,191.3765920900464,-2,-259.85521436932106,-12,6,0,3.587953875868229
1724,2596301,407810.0,3398540.0,10,330,3,3,2585.0,9.2,509,6,5,407940,3398575,509,0,5,-88.64,519,130.0,35.0,134.6291201783626,0,-255.06848815949218,-10,6,0,4.248022666728544
1725,2596301,407810.0,3398540.0,10,330,3,3,2585.0,9.2,509,6,5,407930,3398585,509,0,5,-90.43,519,120.0,45.0,128.16005617976296,0,-260.55604521958344,-10,6,0,4.461602667270192
1726,2596301,407810.0,3398540.0,10,330,3,3,2585.0,9.2,509,6,5,407920,3398595,509,0,5,-88.36,519,110.0,55.0,122.98373876248843,0,-266.565051177078,-10,6,0,4.648582565221096
1727,2596301,407810.0,3398540.0,10,330,3,3,2585.0,9.2,509,6,5,408145,3398780,508,0,13,-94.2,519,335.0,240.0,412.09828924663105,-1,-275.61848983925177,-11,6,0,1.5290137576547
1728,2596301,407810.0,3398540.0,10,330,3,3,2585.0,9.2,509,6,5,407865,3398660,508,5,12,-93.57,519,55.0,120.0,132.00378782444085,-1,-305.3764352138364,-11,6,0,4.763505627924038
1729,2596301,407810.0,3398540.0,10,330,3,3,2585.0,9.2,509,6,5,407875,3398650,509,0,5,-92.4,519,65.0,110.0,127.76932339180638,0,-299.420773127511,-10,6,0,4.475191403524269
1730,2596301,407810.0,3398540.0,10,330,3,3,2585.0,9.2,509,6,5,407750,3398525,510,0,6,-88.75,519,-60.0,-15.0,61.84658438426491,1,-74.03624346792648,-9,6,0,8.279642510622892
1731,2596301,407810.0,3398540.0,10,330,3,3,2585.0,9.2,509,6,5,407925,3398600,509,0,5,-85.36,519,115.0,60.0,129.71121771072848,0,-267.5528115767178,-10,6,0,4.408459841001366
1732,2596301,407810.0,3398540.0,10,330,3,3,2585.0,9.2,509,6,5,407805,3398480,506,0,13,-81.0,519,-5.0,-60.0,60.207972893961475,-3,-145.2363583092738,-13,6,0,12.184157858195867
1733,2596301,407810.0,3398540.0,10,330,3,3,2585.0,9.2,509,6,5,407870,3398645,509,5,5,-87.83,519,60.0,105.0,120.93386622447825,0,-300.2551187030578,-10,6,0,4.727023601589911
1734,2596301,407810.0,3398540.0,10,330,3,3,2585.0,9.2,509,6,5,407720,3398555,510,0,15,-83.67,519,-90.0,15.0,91.2414379544733,1,-50.537677791974374,-9,6,0,5.633397563110582
1735,2596301,407810.0,3398540.0,10,330,3,3,2585.0,9.2,509,6,5,408110,3398725,507,0,5,-96.0,519,300.0,185.0,352.4556709715422,-2,-271.6607510966366,-12,6,0,1.94998670556763
1736,2596301,407810.0,3398540.0,10,330,3,3,2585.0,9.2,509,6,5,407965,3398640,507,0,5,-81.0,519,155.0,100.0,184.45866745696716,-2,-272.82854179141253,-12,6,0,3.7221447735361357
1737,2596301,407810.0,3398540.0,10,330,3,3,2585.0,9.2,509,6,5,407860,3398655,508,0,12,-83.5,519,50.0,115.0,125.39936203984452,-1,-306.5014343240479,-11,6,0,5.013139128924395
1738,2596301,407810.0,3398540.0,10,330,3,3,2585.0,9.2,509,6,5,407950,3398565,509,6,5,-96.25,519,140.0,25.0,142.21462653327893,0,-250.12467165539783,-10,6,0,4.022204286634102
1739,2596301,407810.0,3398540.0,10,330,3,3,2585.0,9.2,509,6,5,407965,3398645,507,0,5,-82.0,519,155.0,105.0,187.21645226849054,-2,-274.1144729453413,-12,6,0,3.6674666161766614
1740,2596301,407810.0,3398540.0,10,330,3,3,2585.0,9.2,509,6,5,407855,3398615,509,5,6,-84.0,519,45.0,75.0,87.46427842267951,0,-299.03624346792645,-10,6,0,6.522441584995145
1741,2596301,407810.0,3398540.0,10,330,3,3,2585.0,9.2,509,6,5,407740,3398430,506,0,5,-94.0,519,-70.0,-110.0,130.38404810405297,-3,-117.52880770915152,-13,6,0,5.693883190330505
1742,2596301,407810.0,3398540.0,10,330,3,3,2585.0,9.2,509,6,5,407780,3398550,510,0,6,-87.5,519,-30.0,10.0,31.622776601683793,1,-41.565051177077976,-9,6,0,15.886617531931096
1743,2596301,407810.0,3398540.0,10,330,3,3,2585.0,9.2,509,6,5,407870,3398640,509,5,5,-88.4,519,60.0,100.0,116.61903789690601,0,-299.03624346792645,-10,6,0,4.901083564402995
1744,2596301,407810.0,3398540.0,10,330,3,3,2585.0,9.2,509,6,5,407805,3398485,507,0,5,-87.83,519,-5.0,-55.0,55.226805085936306,-2,-144.8055710922652,-12,6,0,12.259000914711846
1745,2596301,407810.0,3398540.0,10,330,3,3,2585.0,9.2,509,6,5,407905,3398585,509,0,5,-88.81,519,95.0,45.0,105.11898020814318,0,-265.3461759419467,-10,6,0,5.434211206692449
1746,2596301,407810.0,3398540.0,10,330,3,3,2585.0,9.2,509,6,5,407775,3398535,510,6,6,-92.0,519,-35.0,-5.0,35.35533905932738,1,-68.13010235415595,-9,6,0,14.28179453796326
1747,2596301,407810.0,3398540.0,10,330,3,3,2585.0,9.2,509,6,5,407845,3398605,508,0,6,-85.07,519,35.0,65.0,73.824115301167,-1,-301.6992442339936,-11,6,0,8.474879443436455
1748,2596301,407810.0,3398540.0,10,330,3,3,2585.0,9.2,509,6,5,407880,3398570,509,0,5,-85.39,519,70.0,30.0,76.15773105863909,0,-263.1985905136482,-10,6,0,7.480508891708272
1749,2596301,407810.0,3398540.0,10,330,3,3,2585.0,9.2,509,6,5,407900,3398590,510,0,5,-87.56,519,90.0,50.0,102.95630140987001,1,-269.05460409907715,-9,6,0,4.9958527973033755
1750,2596301,407810.0,3398540.0,10,330,3,3,2585.0,9.2,509,6,5,407890,3398580,509,0,5,-91.25,519,80.0,40.0,89.44271909999159,0,-266.565051177078,-10,6,0,6.379370208442803
1751,2596301,407810.0,3398540.0,10,330,3,3,2585.0,9.2,509,6,5,407820,3398510,508,0,5,-83.92,519,10.0,-30.0,31.622776601683793,-1,-168.43494882292202,-11,6,0,19.180257996239774
1752,2596301,407810.0,3398540.0,10,330,3,3,2585.0,9.2,509,6,5,407810,3398500,507,0,13,-89.53,519,0.0,-40.0,40.0,-2,-150.0,-12,6,0,16.69924423399362
1753,2596301,407810.0,3398540.0,10,330,3,3,2585.0,9.2,509,6,5,407885,3398565,509,0,5,-88.25,519,75.0,25.0,79.05694150420949,0,-258.434948822922,-10,6,0,7.209120586689089
1754,2596301,407810.0,3398540.0,10,330,3,3,2585.0,9.2,509,6,5,407910,3398600,509,0,5,-90.15,519,100.0,60.0,116.61903789690601,0,-270.9637565320735,-10,6,0,4.901083564402995
1755,2596301,407810.0,3398540.0,10,330,3,3,2585.0,9.2,509,6,5,407915,3398595,509,0,5,-89.27,519,105.0,55.0,118.53269591129698,0,-267.64597536373867,-10,6,0,4.822333921303894
1756,2596301,407810.0,3398540.0,10,330,3,3,2585.0,9.2,509,6,5,408045,3398725,506,0,6,-102.0,519,235.0,185.0,299.0819285747636,-3,-278.2110254255612,-13,6,0,2.4888718076170875
1757,2596301,407810.0,3398540.0,10,330,3,3,2585.0,9.2,509,6,5,407995,3398675,506,0,5,-94.33,519,185.0,135.0,229.01964981197574,-3,-276.1193408494797,-13,6,0,3.2488333851819835
1758,2596301,407810.0,3398540.0,10,330,3,3,2585.0,9.2,509,6,5,407750,3398440,506,0,5,-90.5,519,-60.0,-100.0,116.61903789690601,-3,-119.03624346792648,-13,6,0,6.360733914593316
1759,2596301,407810.0,3398540.0,10,330,3,3,2585.0,9.2,509,6,5,407850,3398620,508,5,6,-87.0,519,40.0,80.0,89.44271909999159,-1,-303.434948822922,-11,6,0,7.011242286385542
1760,2596301,407810.0,3398540.0,10,330,3,3,2585.0,9.2,509,6,5,407835,3398515,508,0,13,-85.89,519,25.0,-25.0,35.35533905932738,-1,-195.0,-11,6,0,17.28232754551572
1761,2596301,407810.0,3398540.0,10,330,3,3,2585.0,9.2,509,6,5,407825,3398505,507,0,5,-81.65,519,15.0,-35.0,38.07886552931954,-2,-173.19859051364824,-12,6,0,17.491486636863154
1762,2596301,407810.0,3398540.0,10,330,3,3,2585.0,9.2,509,6,5,407815,3398495,507,0,13,-85.31,519,5.0,-45.0,45.27692569068709,-2,-156.34019174590992,-12,6,0,14.844136280042358
1763,2596301,407810.0,3398540.0,10,330,3,3,2585.0,9.2,509,6,5,407840,3398610,508,0,5,-84.45,519,30.0,70.0,76.15773105863909,-1,-306.8014094863518,-11,6,0,8.218795704314289
1764,2596301,407810.0,3398540.0,10,330,3,3,2585.0,9.2,509,6,5,407895,3398575,509,0,5,-87.24,519,85.0,35.0,91.92388155425118,0,-262.38013505195954,-10,6,0,6.208544626185846
1765,2596301,407810.0,3398540.0,10,330,3,3,2585.0,9.2,509,6,5,407790,3398560,509,0,6,-84.25,519,-20.0,20.0,28.284271247461902,0,-15.0,-10,6,0,19.47122063449069
1766,2596301,407810.0,3398540.0,10,330,3,3,2585.0,9.2,509,6,5,407985,3398665,506,0,5,-98.33,519,175.0,125.0,215.05813167606567,-3,-275.5376777919744,-13,6,0,3.4592501894854757
1767,2596301,407810.0,3398540.0,10,330,3,3,2585.0,9.2,509,6,5,407765,3398525,509,6,6,-101.75,519,-45.0,-15.0,47.43416490252569,0,-78.43494882292202,-10,6,0,11.904688112848122
1768,2596301,407810.0,3398540.0,10,330,3,3,2585.0,9.2,509,6,5,407760,3398530,510,0,7,-92.25,519,-50.0,-10.0,50.99019513592785,1,-71.30993247402023,-9,6,0,10.009865311812067
1769,2596301,407810.0,3398540.0,10,330,3,3,2585.0,9.2,509,6,5,407800,3398490,507,0,5,-90.82,519,-10.0,-50.0,50.99019513592785,-2,-138.6900675259798,-12,6,0,13.242976219823511
1770,2596301,407810.0,3398540.0,10,330,3,3,2585.0,9.2,509,6,5,407770,3398540,510,0,6,-93.2,519,-40.0,0.0,40.0,1,-60.0,-9,6,0,12.68038349181982
1771,2596301,407810.0,3398540.0,10,330,3,3,2585.0,9.2,509,6,5,407830,3398520,508,0,13,-86.7,519,20.0,-20.0,28.284271247461902,-1,-195.0,-11,6,0,21.251492955248168
1772,2596301,407810.0,3398540.0,10,330,3,3,2585.0,9.2,509,6,5,407920,3398690,508,0,15,-111.5,519,110.0,150.0,186.01075237738274,-1,-293.74616226255523,-11,6,0,3.3843227645367064
1773,2596301,407810.0,3398540.0,10,330,3,3,2585.0,9.2,509,6,5,407700,3398470,507,0,5,-99.0,519,-110.0,-70.0,130.38404810405297,-2,-92.47119229084848,-12,6,0,5.2584488321218466
1774,2596301,407810.0,3398540.0,10,330,3,3,2585.0,9.2,509,6,5,407980,3398670,506,9,6,-100.0,519,170.0,130.0,214.00934559032697,-3,-277.40535663140855,-13,6,0,3.476161314095892
1775,2596301,407810.0,3398540.0,10,330,3,3,2585.0,9.2,509,6,5,407875,3398635,509,5,5,-83.0,519,65.0,95.0,115.10864433221339,0,-295.61965527615513,-10,6,0,4.96507353827371
1776,2596301,407810.0,3398540.0,10,330,3,3,2585.0,9.2,509,6,5,407730,3398470,508,0,5,-93.8,519,-80.0,-70.0,106.30145812734649,-1,-101.18592516570965,-11,6,0,5.907899585369998
1777,2596301,407810.0,3398540.0,10,330,3,3,2585.0,9.2,509,6,5,407845,3398595,508,0,6,-89.42,519,35.0,55.0,65.19202405202648,-1,-297.5288077091515,-11,6,0,9.57743672409178
1778,2596301,407810.0,3398540.0,10,330,3,3,2585.0,9.2,509,6,5,407840,3398600,508,0,6,-77.63,519,30.0,60.0,67.08203932499369,-1,-303.434948822922,-11,6,0,9.3123891749793
1779,2596301,407810.0,3398540.0,10,330,3,3,2585.0,9.2,509,6,5,408075,3398765,508,0,6,-92.5,519,265.0,225.0,347.6348659153739,-1,-280.333141628561,-11,6,0,1.8123710174321241
1780,2596301,407810.0,3398540.0,10,330,3,3,2585.0,9.2,509,6,5,407950,3398650,507,9,6,-97.0,519,140.0,110.0,178.04493814764857,-2,-278.15722658736905,-12,6,0,3.8558304743645078
1781,2596301,407810.0,3398540.0,10,330,3,3,2585.0,9.2,509,6,5,407860,3398580,509,0,5,-84.0,519,50.0,40.0,64.03124237432849,0,-278.6598082540901,-10,6,0,8.876395080973342
1782,2596301,407810.0,3398540.0,10,330,3,3,2585.0,9.2,509,6,5,407735,3398465,507,0,2,-95.64,519,-75.0,-75.0,106.06601717798213,-2,-105.0,-12,6,0,6.454830247455114
1783,2596301,407810.0,3398540.0,10,330,3,3,2585.0,9.2,509,6,5,407865,3398575,509,0,6,-86.08,519,55.0,35.0,65.19202405202648,0,-272.4711922908485,-10,6,0,8.720796928163413
1784,2596301,407810.0,3398540.0,10,330,3,3,2585.0,9.2,509,6,5,407760,3398520,509,6,6,-94.17,519,-50.0,-20.0,53.85164807134504,0,-81.80140948635182,-10,6,0,10.519734890658619
1785,2596301,407810.0,3398540.0,10,330,3,3,2585.0,9.2,509,6,5,407745,3398455,507,0,2,-86.4,519,-65.0,-85.0,107.00467279516349,-2,-112.59464336859145,-12,6,0,6.39867950852648
1786,2596301,407810.0,3398540.0,10,330,3,3,2585.0,9.2,509,6,5,407825,3398535,509,0,13,-82.81,519,15.0,-5.0,15.811388300841896,0,-221.56505117707798,-10,6,0,32.31153323742385
1787,2596301,407810.0,3398540.0,10,330,3,3,2585.0,9.2,509,6,5,407690,3398430,506,0,13,-99.0,519,-120.0,-110.0,162.78820596099706,-3,-102.51044707800085,-13,6,0,4.565857698445246
1788,2596301,407810.0,3398540.0,10,330,3,3,2585.0,9.2,509,6,5,407775,3398505,508,0,5,-96.73,519,-35.0,-35.0,49.49747468305833,-1,-105.0,-11,6,0,12.529426733909743
1789,2596301,407810.0,3398540.0,10,330,3,3,2585.0,9.2,509,6,5,407780,3398500,508,0,5,-93.57,519,-30.0,-40.0,50.0,-1,-113.13010235415598,-11,6,0,12.407418527400745
1790,2596301,407810.0,3398540.0,10,330,3,3,2585.0,9.2,509,6,5,407875,3398565,509,0,5,-85.36,519,65.0,25.0,69.6419413859206,0,-261.0375110254218,-10,6,0,8.171339556579104
1791,2596301,407810.0,3398540.0,10,330,3,3,2585.0,9.2,509,6,5,407890,3398630,510,0,6,-91.62,519,80.0,90.0,120.41594578792295,1,-288.3664606634298,-9,6,0,4.2743925611134435
1792,2596301,407810.0,3398540.0,10,330,3,3,2585.0,9.2,509,6,5,407885,3398635,509,0,5,-95.75,519,75.0,95.0,121.03718436910205,0,-291.7098368077569,-10,6,0,4.723006844495263
1793,2596301,407810.0,3398540.0,10,330,3,3,2585.0,9.2,509,6,5,407910,3398610,509,0,5,-89.57,519,100.0,70.0,122.06555615733703,0,-274.99202019855863,-10,6,0,4.683394442175811
1794,2596301,407810.0,3398540.0,10,330,3,3,2585.0,9.2,509,6,5,407790,3398490,507,0,13,-91.43,519,-20.0,-50.0,53.85164807134504,-2,-128.19859051364818,-12,6,0,12.562228295302136
1795,2596301,407810.0,3398540.0,10,330,3,3,2585.0,9.2,509,6,5,407915,3398605,509,0,5,-88.55,519,105.0,65.0,123.4908903522847,0,-271.75948008481276,-10,6,0,4.629574951783187
1796,2596301,407810.0,3398540.0,10,330,3,3,2585.0,9.2,509,6,5,407750,3398450,506,0,2,-89.0,519,-60.0,-90.0,108.16653826391968,-3,-116.30993247402023,-13,6,0,6.85322483512129
1797,2596301,407810.0,3398540.0,10,330,3,3,2585.0,9.2,509,6,5,407755,3398445,506,0,2,-92.0,519,-55.0,-95.0,109.77249200050075,-3,-119.93141717813756,-13,6,0,6.75389623035335
1798,2596301,407810.0,3398540.0,10,330,3,3,2585.0,9.2,509,6,5,407835,3398525,508,0,13,-83.65,519,25.0,-15.0,29.154759474226502,-1,-209.0362434679265,-11,6,0,20.671335055030994
1799,2596301,407810.0,3398540.0,10,330,3,3,2585.0,9.2,509,6,5,407855,3398585,509,0,6,-87.06,519,45.0,45.0,63.63961030678928,0,-285.0,-10,6,0,8.930141835901512
1800,2596301,407810.0,3398540.0,10,330,3,3,2585.0,9.2,509,6,5,407830,3398530,509,0,13,-83.94,519,20.0,-10.0,22.360679774997898,0,-213.43494882292202,-10,6,0,24.094842552110702
1801,2596301,407810.0,3398540.0,10,330,3,3,2585.0,9.2,509,6,5,407850,3398590,509,0,6,-89.56,519,40.0,50.0,64.03124237432849,0,-291.3401917459099,-10,6,0,8.876395080973342
1802,2596301,407810.0,3398540.0,10,330,3,3,2585.0,9.2,509,6,5,407740,3398460,507,0,2,-90.83,519,-70.0,-80.0,106.30145812734649,-2,-108.81407483429035,-12,6,0,6.440654079464558
1803,2596301,407810.0,3398540.0,10,330,3,3,2585.0,9.2,509,6,5,407785,3398495,508,0,5,-95.2,519,-25.0,-45.0,51.478150704935004,-1,-120.94539590092285,-11,6,0,12.06173005783295
1804,2596301,407810.0,3398540.0,10,330,3,3,2585.0,9.2,509,6,5,407770,3398510,509,0,5,-96.81,519,-40.0,-30.0,50.0,0,-96.86989764584402,-10,6,0,11.309932474020213
1805,2596301,407810.0,3398540.0,10,330,3,3,2585.0,9.2,509,6,5,407765,3398515,509,6,5,-95.38,519,-45.0,-25.0,51.478150704935004,0,-89.05460409907715,-10,6,0,10.993201498596918
1806,2596301,407810.0,3398540.0,10,330,3,3,2585.0,9.2,509,6,5,407795,3398485,507,0,13,-92.07,519,-15.0,-55.0,57.0087712549569,-2,-134.74488129694222,-12,6,0,11.886880915494428
1807,2596301,407810.0,3398540.0,10,330,3,3,2585.0,9.2,509,6,5,407805,3398555,509,6,6,-93.0,519,-5.0,15.0,15.811388300841896,0,11.565051177077976,-10,6,0,32.31153323742385
1808,2596301,407810.0,3398540.0,10,330,3,3,2585.0,9.2,509,6,5,407905,3398615,510,0,6,-87.63,519,95.0,75.0,121.03718436910205,1,-278.2901631922431,-9,6,0,4.252534390988477
1809,2596301,407810.0,3398540.0,10,330,3,3,2585.0,9.2,509,6,5,407940,3398660,508,0,6,-108.63,519,130.0,120.0,176.91806012954132,-1,-282.70938995736145,-11,6,0,3.5578239153256703
1810,2596301,407810.0,3398540.0,10,330,3,3,2585.0,9.2,509,6,5,407955,3398645,507,9,5,-102.67,519,145.0,105.0,179.02513789968157,-2,-275.9097230791777,-12,6,0,3.8347821659333694
1811,2596301,407810.0,3398540.0,10,330,3,3,2585.0,9.2,509,6,5,407935,3398665,508,0,6,-104.44,519,125.0,125.0,176.7766952966369,-1,-285.0,-11,6,0,3.56066172012722
1812,2596301,407810.0,3398540.0,10,330,3,3,2585.0,9.2,509,6,5,407895,3398625,510,0,7,-90.46,519,85.0,85.0,120.20815280171308,1,-285.0,-9,6,0,4.28175386287447
1813,2596301,407810.0,3398540.0,10,330,3,3,2585.0,9.2,509,6,5,407815,3398545,509,6,5,-78.25,519,5.0,5.0,7.0710678118654755,0,-285.0,-10,6,0,54.735610317245346
1814,2596301,407810.0,3398540.0,10,330,3,3,2585.0,9.2,509,6,5,407820,3398540,509,0,13,-78.09,519,10.0,0.0,10.0,0,-240.0,-10,6,0,45.0
1815,2596301,407810.0,3398540.0,10,330,3,3,2585.0,9.2,509,6,5,407870,3398570,509,0,6,-84.0,519,60.0,30.0,67.08203932499369,0,-266.565051177078,-10,6,0,8.47871314708616
1816,2596301,407810.0,3398540.0,10,330,3,3,2585.0,9.2,509,6,5,407695,3398425,506,0,13,-100.0,519,-115.0,-115.0,162.63455967290594,-3,-105.0,-13,6,0,4.570152952178776
1817,2596301,407810.0,3398540.0,10,330,3,3,2585.0,9.2,509,6,5,407880,3398640,509,0,5,-89.33,519,70.0,100.0,122.06555615733703,0,-295.00797980144137,-10,6,0,4.683394442175811
1818,2596301,407810.0,3398540.0,10,330,3,3,2585.0,9.2,509,6,5,407900,3398620,510,0,6,-89.33,519,90.0,80.0,120.41594578792295,1,-281.6335393365702,-9,6,0,4.2743925611134435
1819,2596301,407810.0,3398540.0,10,330,3,3,2585.0,9.2,509,6,5,407945,3398635,508,9,5,-103.5,519,135.0,95.0,165.07574019219177,-1,-275.13419305691565,-11,6,0,3.8123300188997824
1820,2596301,407810.0,3398540.0,10,330,3,3,2585.0,9.2,509,6,5,407970,3398570,508,0,5,-89.5,519,160.0,30.0,162.78820596099706,-1,-250.61965527615513,-11,6,0,3.865740374208761
1821,2596301,407810.0,3398540.0,10,330,3,3,2585.0,9.2,509,6,5,407905,3398675,509,0,6,-97.0,519,95.0,135.0,165.07574019219177,0,-294.86580694308435,-10,6,0,3.4666418446304337
1822,2596301,407810.0,3398540.0,10,330,3,3,2585.0,9.2,509,6,5,407900,3398680,509,5,6,-101.25,519,90.0,140.0,166.43316977093238,0,-297.2647737278924,-10,6,0,3.4384360139179364
1823,2596301,407810.0,3398540.0,10,330,3,3,2585.0,9.2,509,6,5,407940,3398640,508,9,6,-94.67,519,130.0,100.0,164.01219466856725,-1,-277.5685920288275,-11,6,0,3.8369776607053785
1824,2596301,407810.0,3398540.0,10,330,3,3,2585.0,9.2,509,6,5,407975,3398565,508,0,5,-93.75,519,165.0,25.0,166.88319268278636,-1,-248.61564818416412,-11,6,0,3.7711598246070372
1825,2596301,407810.0,3398540.0,10,330,3,3,2585.0,9.2,509,6,5,407925,3398615,509,0,5,-85.0,519,115.0,75.0,137.2953021774598,0,-273.11134196037204,-10,6,0,4.165822216233385
1826,2596301,407810.0,3398540.0,10,330,3,3,2585.0,9.2,509,6,5,407710,3398550,510,0,15,-89.33,519,-100.0,10.0,100.4987562112089,1,-54.28940686250036,-9,6,0,5.117377846413118
1827,2596301,407810.0,3398540.0,10,330,3,3,2585.0,9.2,509,6,5,407990,3398590,507,0,13,-91.78,519,180.0,50.0,186.81541692269406,-2,-255.52411099675425,-12,6,0,3.6753179850264543
1828,2596301,407810.0,3398540.0,10,330,3,3,2585.0,9.2,509,6,5,407995,3398585,507,96,13,-86.0,519,185.0,45.0,190.3943276465977,-2,-253.6713071321958,-12,6,0,3.6064157805674637
1829,2596301,407810.0,3398540.0,10,330,3,3,2585.0,9.2,509,6,5,407950,3398630,508,0,5,-91.89,519,140.0,90.0,166.43316977093238,-1,-272.7352262721076,-11,6,0,3.7813272169014076
1830,2596301,407810.0,3398540.0,10,330,3,3,2585.0,9.2,509,6,5,408120,3398740,507,0,5,-95.0,519,310.0,200.0,368.9173349139343,-2,-272.82854179141253,-12,6,0,1.8630380216713531
1831,2596301,407810.0,3398540.0,10,330,3,3,2585.0,9.2,509,6,5,407775,3398445,506,0,5,-100.67,519,-35.0,-95.0,101.24228365658294,-3,-129.77514056883192,-13,6,0,7.317017282669025
1832,2596301,407810.0,3398540.0,10,330,3,3,2585.0,9.2,509,6,5,407985,3398595,507,0,5,-90.29,519,175.0,55.0,183.43936327844142,-2,-257.4471884232822,-12,6,0,3.7427687193098893
1833,2596301,407810.0,3398540.0,10,330,3,3,2585.0,9.2,509,6,5,407705,3398555,509,5,5,-88.0,519,-105.0,15.0,106.06601717798213,0,-51.86989764584405,-10,6,0,5.385977098599754
1834,2596301,407810.0,3398540.0,10,330,3,3,2585.0,9.2,509,6,5,407850,3398690,507,0,15,-91.25,519,40.0,150.0,155.24174696260025,-2,-315.06858282186244,-12,6,0,4.420105179057558
1835,2596301,407810.0,3398540.0,10,330,3,3,2585.0,9.2,509,6,5,408125,3398735,507,0,5,-96.17,519,315.0,195.0,370.4726710568541,-2,-271.75948008481276,-12,6,0,1.8552220033721556
1836,2596301,407810.0,3398540.0,10,330,3,3,2585.0,9.2,509,6,5,408140,3398760,508,0,13,-99.33,519,330.0,220.0,396.6106403010388,-1,-273.69006752597977,-11,6,0,1.5886917336111674
1837,2596301,407810.0,3398540.0,10,330,3,3,2585.0,9.2,509,6,5,408130,3398730,507,0,6,-99.0,519,320.0,190.0,372.1558813185679,-2,-270.6997225508144,-12,6,0,1.8468369114761316
1838,2596301,407810.0,3398540.0,10,330,3,3,2585.0,9.2,509,6,5,408150,3398750,508,0,6,-90.0,519,340.0,210.0,399.6248240537617,-1,-271.7014296695057,-11,6,0,1.5767150441245996
1839,2596301,407810.0,3398540.0,10,330,3,3,2585.0,9.2,509,6,5,407785,3398475,507,0,13,-88.0,519,-25.0,-65.0,69.6419413859206,-2,-128.96248897457818,-12,6,0,9.776629368899439
1840,2596301,407810.0,3398540.0,10,330,3,3,2585.0,9.2,509,6,5,407760,3398460,506,0,5,-93.0,519,-50.0,-80.0,94.33981132056604,-3,-117.99461679191651,-13,6,0,7.845930119620289
1841,2596301,407810.0,3398540.0,10,330,3,3,2585.0,9.2,509,6,5,408145,3398755,508,0,5,-90.83,519,335.0,215.0,398.05778474990285,-1,-272.69198418257207,-11,6,0,1.5829189671893706
1842,2596301,407810.0,3398540.0,10,330,3,3,2585.0,9.2,509,6,5,407860,3398720,507,5,15,-105.0,519,50.0,180.0,186.81541692269406,-2,-314.47588900324575,-12,6,0,3.6753179850264543
1843,2596301,407810.0,3398540.0,10,330,3,3,2585.0,9.2,509,6,5,407935,3398605,509,0,5,-89.71,519,125.0,65.0,140.8900280360537,0,-267.4744316262771,-10,6,0,4.059893770889364
1844,2596301,407810.0,3398540.0,10,330,3,3,2585.0,9.2,509,6,5,407685,3398535,508,0,5,-90.25,519,-125.0,-5.0,125.09996003196804,-1,-62.29061004263855,-11,6,0,5.0250757274629905
1845,2596301,407810.0,3398540.0,10,330,3,3,2585.0,9.2,509,6,5,407960,3398580,508,0,5,-96.69,519,150.0,40.0,155.24174696260025,-1,-254.93141717813756,-11,6,0,4.0530461158351905
1846,2596301,407810.0,3398540.0,10,330,3,3,2585.0,9.2,509,6,5,407980,3398600,507,0,5,-89.75,519,170.0,60.0,180.27756377319946,-2,-259.4400348281762,-12,6,0,3.808219799072917
1847,2596301,407810.0,3398540.0,10,330,3,3,2585.0,9.2,509,6,5,407880,3398660,509,0,12,-88.4,519,70.0,120.0,138.92443989449805,0,-299.74356283647074,-10,6,0,4.117139476527012
1848,2596301,407810.0,3398540.0,10,330,3,3,2585.0,9.2,509,6,5,407845,3398695,507,0,5,-99.0,519,35.0,155.0,158.90248582070703,-2,-317.2756443145776,-12,6,0,4.318666132333085
1849,2596301,407810.0,3398540.0,10,330,3,3,2585.0,9.2,509,6,5,407955,3398625,508,0,13,-93.86,519,145.0,85.0,168.0773631397161,-1,-270.3791260113683,-11,6,0,3.7444426617595488
1850,2596301,407810.0,3398540.0,10,330,3,3,2585.0,9.2,509,6,5,407885,3398655,509,5,5,-82.33,519,75.0,115.0,137.2953021774598,0,-296.88865803962796,-10,6,0,4.165822216233385
1851,2596301,407810.0,3398540.0,10,330,3,3,2585.0,9.2,509,6,5,407965,3398575,508,0,5,-92.93,519,155.0,35.0,158.90248582070703,-1,-252.72435568542238,-11,6,0,3.959974033575259
1852,2596301,407810.0,3398540.0,10,330,3,3,2585.0,9.2,509,6,5,407790,3398470,506,0,13,-94.67,519,-20.0,-70.0,72.80109889280519,-3,-134.05460409907712,-13,6,0,10.124521990572138
1853,2596301,407810.0,3398540.0,10,330,3,3,2585.0,9.2,509,6,5,407780,3398480,507,0,13,-91.53,519,-30.0,-60.0,67.08203932499369,-2,-123.434948822922,-12,6,0,10.142106156573984
1854,2596301,407810.0,3398540.0,10,330,3,3,2585.0,9.2,509,6,5,407765,3398455,506,0,5,-102.71,519,-45.0,-85.0,96.17692030835673,-3,-122.10272896905238,-13,6,0,7.697876411015157
1855,2596301,407810.0,3398540.0,10,330,3,3,2585.0,9.2,509,6,5,407870,3398710,507,5,5,-103.5,519,60.0,170.0,180.27756377319946,-2,-310.5599651718238,-12,6,0,3.808219799072917
1856,2596301,407810.0,3398540.0,10,330,3,3,2585.0,9.2,509,6,5,408155,3398745,508,0,5,-95.5,519,345.0,205.0,401.3103537164223,-1,-270.71890426402916,-11,6,0,1.5700960598967344
1857,2596301,407810.0,3398540.0,10,330,3,3,2585.0,9.2,509,6,5,407930,3398610,509,0,5,-86.0,519,120.0,70.0,138.92443989449805,0,-270.25643716352926,-10,6,0,4.117139476527012
1858,2596301,407810.0,3398540.0,10,330,3,3,2585.0,9.2,509,6,5,407770,3398450,506,0,5,-98.33,519,-40.0,-90.0,98.48857801796105,-3,-126.03751102542182,-13,6,0,7.519288834867687
1859,2596301,407810.0,3398540.0,10,330,3,3,2585.0,9.2,509,6,5,407740,3398520,510,0,6,-98.67,519,-70.0,-20.0,72.80109889280519,1,-75.94539590092285,-9,6,0,7.047405805830561
1860,2596301,407810.0,3398540.0,10,330,3,3,2585.0,9.2,509,6,5,407890,3398650,509,5,5,-87.5,519,80.0,110.0,136.01470508735443,0,-293.9726266148964,-10,6,0,4.2049039747983485
1861,2596301,407810.0,3398540.0,10,330,3,3,2585.0,9.2,509,6,5,407795,3398465,506,0,13,-89.0,519,-15.0,-75.0,76.48529270389177,-3,-138.6900675259798,-13,6,0,9.646225312976782
1862,2596301,407810.0,3398540.0,10,330,3,3,2585.0,9.2,509,6,5,408135,3398725,508,0,5,-106.0,519,325.0,185.0,373.9652390263031,-1,-269.64986350757556,-11,6,0,1.6848408231256398
1863,2596301,407810.0,3398540.0,10,330,3,3,2585.0,9.2,509,6,5,407920,3398620,509,9,5,-95.44,519,110.0,80.0,136.01470508735443,0,-276.0273733851036,-10,6,0,4.2049039747983485
1864,2596301,407810.0,3398540.0,10,330,3,3,2585.0,9.2,509,6,5,407895,3398645,509,5,5,-86.0,519,85.0,105.0,135.09256086106296,0,-291.00900595749454,-10,6,0,4.233502721119429
1865,2596301,407810.0,3398540.0,10,330,3,3,2585.0,9.2,509,6,5,408000,3398570,508,96,13,-96.67,519,190.0,30.0,192.35384061671346,-1,-248.9726266148964,-11,6,0,3.2729675912837597
1866,2596301,407810.0,3398540.0,10,330,3,3,2585.0,9.2,509,6,5,408070,3398640,505,0,6,-100.8,519,260.0,100.0,278.5677655436824,-4,-261.0375110254218,-14,6,0,2.877097395768676
1867,2596301,407810.0,3398540.0,10,330,3,3,2585.0,9.2,509,6,5,408080,3398650,505,0,5,-100.33,519,270.0,110.0,291.547594742265,-4,-262.16634582208246,-14,6,0,2.7492088143463596
1868,2596301,407810.0,3398540.0,10,330,3,3,2585.0,9.2,509,6,5,408060,3398630,505,0,5,-94.5,519,250.0,90.0,265.70660511172844,-4,-259.7988763545249,-14,6,0,3.016108103927357
1869,2596301,407810.0,3398540.0,10,330,3,3,2585.0,9.2,509,6,5,408050,3398620,505,0,5,-96.0,519,240.0,80.0,252.98221281347034,-4,-258.434948822922,-14,6,0,3.1675094997650386
1870,2596301,407810.0,3398540.0,10,330,3,3,2585.0,9.2,509,6,5,408040,3398610,506,0,13,-96.25,519,230.0,70.0,240.41630560342617,-3,-256.92751306414704,-13,6,0,3.0951330771685726
1871,2596301,407810.0,3398540.0,10,330,3,3,2585.0,9.2,509,6,5,408115,3398675,506,18,6,-110.5,519,305.0,135.0,333.54160160315837,-3,-263.8752808539275,-13,6,0,2.2320103653152397
1872,2596301,407810.0,3398540.0,10,330,3,3,2585.0,9.2,509,6,5,407845,3398725,507,5,15,-99.5,519,35.0,185.0,188.2817038376273,-2,-319.286876977209,-12,6,0,3.6467731444695937
1873,2596301,407810.0,3398540.0,10,330,3,3,2585.0,9.2,509,6,5,407855,3398735,507,5,5,-101.0,519,45.0,195.0,200.124960961895,-2,-317.0053832080835,-12,6,0,3.4314914781042494
1874,2596301,407810.0,3398540.0,10,330,3,3,2585.0,9.2,509,6,5,408035,3398595,506,96,13,-99.0,519,225.0,55.0,231.62469643800938,-3,-253.73626830562256,-13,6,0,3.212371223896657
1875,2596301,407810.0,3398540.0,10,330,3,3,2585.0,9.2,509,6,5,408020,3398590,507,96,13,-92.8,519,210.0,50.0,215.87033144922904,-2,-253.39249775375112,-12,6,0,3.1817362505477402
1876,2596301,407810.0,3398540.0,10,330,3,3,2585.0,9.2,509,6,5,408065,3398625,505,0,5,-91.67,519,255.0,85.0,268.79360111431225,-4,-258.434948822922,-14,6,0,2.981532068423114
1877,2596301,407810.0,3398540.0,10,330,3,3,2585.0,9.2,509,6,5,408125,3398685,507,0,5,-106.5,519,315.0,145.0,346.77081768799405,-2,-264.7174409110834,-12,6,0,1.9819288940960602
1878,2596301,407810.0,3398540.0,10,330,3,3,2585.0,9.2,509,6,5,408130,3398700,507,0,5,-110.5,519,320.0,160.0,357.77087639996637,-2,-266.565051177078,-12,6,0,1.92103869370583
1879,2596301,407810.0,3398540.0,10,330,3,3,2585.0,9.2,509,6,5,408030,3398600,506,96,13,-96.33,519,220.0,60.0,228.0350850198276,-3,-255.25511870305775,-13,6,0,3.2628303135270613
1880,2596301,407810.0,3398540.0,10,330,3,3,2585.0,9.2,509,6,5,407725,3398585,509,0,15,-83.5,519,-85.0,45.0,96.17692030835673,0,-32.10272896905235,-10,6,0,5.936001804797608
1881,2596301,407810.0,3398540.0,10,330,3,3,2585.0,9.2,509,6,5,407935,3398555,509,0,5,-91.6,519,125.0,15.0,125.89678312014172,0,-246.84277341263095,-10,6,0,4.541477258614925
1882,2596301,407810.0,3398540.0,10,330,3,3,2585.0,9.2,509,6,5,407835,3398655,507,5,5,-84.33,519,25.0,115.0,117.6860229593982,-2,-317.7352262721076,-12,6,0,5.822112513447329
1883,2596301,407810.0,3398540.0,10,330,3,3,2585.0,9.2,509,6,5,407830,3398660,507,5,6,-94.5,519,20.0,120.0,121.6552506059644,-2,-320.5376777919744,-12,6,0,5.633397563110582
1884,2596301,407810.0,3398540.0,10,330,3,3,2585.0,9.2,509,6,5,408180,3398770,508,0,5,-94.0,519,370.0,230.0,435.6604182158393,-1,-271.86597769360367,-11,6,0,1.446355160698875
1885,2596301,407810.0,3398540.0,10,330,3,3,2585.0,9.2,509,6,5,407840,3398470,506,0,13,-93.33,519,30.0,-70.0,76.15773105863909,-3,-173.19859051364824,-13,6,0,9.686930157845396
1886,2596301,407810.0,3398540.0,10,330,3,3,2585.0,9.2,509,6,5,407845,3398465,506,0,13,-99.0,519,35.0,-75.0,82.76472678623425,-3,-175.01689347809997,-13,6,0,8.926613779061553
1887,2596301,407810.0,3398540.0,10,330,3,3,2585.0,9.2,509,6,5,407805,3398665,507,5,5,-83.33,519,-5.0,125.0,125.09996003196804,-2,27.709389957361452,-12,6,0,5.479235505007095
1888,2596301,407810.0,3398540.0,10,330,3,3,2585.0,9.2,509,6,5,408175,3398795,508,0,13,-93.6,519,365.0,255.0,445.25273721786374,-1,-274.93931020467704,-11,6,0,1.4152083655386491
1889,2596301,407810.0,3398540.0,10,330,3,3,2585.0,9.2,509,6,5,407800,3398670,507,5,5,-86.0,519,-10.0,130.0,130.38404810405297,-2,25.601294645004486,-12,6,0,5.2584488321218466
1890,2596301,407810.0,3398540.0,10,330,3,3,2585.0,9.2,509,6,5,407795,3398695,506,0,5,-88.25,519,-15.0,155.0,155.72411502397438,-3,24.472459848343817,-13,6,0,4.772042144493768
1891,2596301,407810.0,3398540.0,10,330,3,3,2585.0,9.2,509,6,5,407920,3398550,509,0,10,-89.25,519,110.0,10.0,110.45361017187261,0,-245.1944289077348,-10,6,0,5.1732124461169535
1892,2596301,407810.0,3398540.0,10,330,3,3,2585.0,9.2,509,6,5,407705,3398605,508,5,5,-89.2,519,-105.0,65.0,123.4908903522847,-1,-28.240519915187235,-11,6,0,5.090210002741232
1893,2596301,407810.0,3398540.0,10,330,3,3,2585.0,9.2,509,6,5,407785,3398685,506,0,15,-83.0,519,-25.0,145.0,147.13938969562162,-3,20.21759296819272,-13,6,0,5.049063163512604
1894,2596301,407810.0,3398540.0,10,330,3,3,2585.0,9.2,509,6,5,407820,3398650,507,5,5,-92.0,519,10.0,110.0,110.45361017187261,-2,-324.8055710922652,-12,6,0,6.2004604317364675
1895,2596301,407810.0,3398540.0,10,330,3,3,2585.0,9.2,509,6,5,407815,3398675,507,5,6,-88.75,519,5.0,135.0,135.09256086106296,-2,-327.87890360333853,-12,6,0,5.076145673849254
1896,2596301,407810.0,3398540.0,10,330,3,3,2585.0,9.2,509,6,5,407745,3398565,510,0,15,-86.4,519,-65.0,25.0,69.6419413859206,1,-38.96248897457821,-9,6,0,7.363662428698504
1897,2596301,407810.0,3398540.0,10,330,3,3,2585.0,9.2,509,6,5,407710,3398620,507,0,15,-91.0,519,-100.0,80.0,128.06248474865697,-2,-21.34019174590992,-12,6,0,5.353226992926177
1898,2596301,407810.0,3398540.0,10,330,3,3,2585.0,9.2,509,6,5,407930,3398560,509,0,5,-85.9,519,120.0,20.0,121.6552506059644,0,-249.46232220802563,-10,6,0,4.69911946436983
1899,2596301,407810.0,3398540.0,10,330,3,3,2585.0,9.2,509,6,5,407750,3398580,509,0,5,-78.25,519,-60.0,40.0,72.11102550927978,0,-26.30993247402023,-10,6,0,7.895142105045789
1900,2596301,407810.0,3398540.0,10,330,3,3,2585.0,9.2,509,6,5,407925,3398545,509,0,10,-89.83,519,115.0,5.0,115.10864433221339,0,-242.48955292199912,-10,6,0,4.96507353827371
1901,2596301,407810.0,3398540.0,10,330,3,3,2585.0,9.2,509,6,5,407965,3398505,509,96,6,-101.25,519,155.0,-35.0,158.90248582070703,0,-227.27564431457762,-10,6,0,3.6009707747336983
1902,2596301,407810.0,3398540.0,10,330,3,3,2585.0,9.2,509,6,5,408165,3398785,508,0,13,-97.38,519,355.0,245.0,431.335136523794,-1,-274.61114218453037,-11,6,0,1.4608524634747686
1903,2596301,407810.0,3398540.0,10,330,3,3,2585.0,9.2,509,6,5,407860,3398450,505,0,5,-94.67,519,50.0,-90.0,102.95630140987001,-4,-179.05460409907715,-14,6,0,7.743586603961099
1904,2596301,407810.0,3398540.0,10,330,3,3,2585.0,9.2,509,6,5,407770,3398720,506,5,15,-85.67,519,-40.0,180.0,184.39088914585776,-3,17.471192290848478,-13,6,0,4.0328169058937196
1905,2596301,407810.0,3398540.0,10,330,3,3,2585.0,9.2,509,6,5,407865,3398445,505,0,5,-93.33,519,55.0,-95.0,109.77249200050075,-4,-180.06858282186244,-14,6,0,7.268066575504403
1906,2596301,407810.0,3398540.0,10,330,3,3,2585.0,9.2,509,6,5,407765,3398705,506,5,15,-84.94,519,-45.0,165.0,171.0263137648707,-3,14.744881296942197,-13,6,0,4.346790580410064
1907,2596301,407810.0,3398540.0,10,330,3,3,2585.0,9.2,509,6,5,407780,3398690,506,0,5,-86.14,519,-30.0,150.0,152.97058540778355,-3,18.69006752597977,-13,6,0,4.857533338413092
1908,2596301,407810.0,3398540.0,10,330,3,3,2585.0,9.2,509,6,5,407810,3398680,506,5,6,-88.67,519,0.0,140.0,140.0,-3,-330.0,-13,6,0,5.305109606210384
1909,2596301,407810.0,3398540.0,10,330,3,3,2585.0,9.2,509,6,5,407940,3398530,509,0,5,-86.86,519,130.0,-10.0,130.38404810405297,0,-235.6012946450045,-10,6,0,4.385799530775009
1910,2596301,407810.0,3398540.0,10,330,3,3,2585.0,9.2,509,6,5,407790,3398700,506,0,5,-82.0,519,-20.0,160.0,161.24515496597098,-3,22.874983651098205,-13,6,0,4.609363720543608
1911,2596301,407810.0,3398540.0,10,330,3,3,2585.0,9.2,509,6,5,407760,3398710,506,0,15,-85.86,519,-50.0,170.0,177.2004514666935,-3,13.610459665965209,-13,6,0,4.195887386290204
1912,2596301,407810.0,3398540.0,10,330,3,3,2585.0,9.2,509,6,5,407855,3398475,506,0,13,-94.33,519,45.0,-65.0,79.05694150420949,-3,-184.69515353123393,-13,6,0,9.338059911633533
1913,2596301,407810.0,3398540.0,10,330,3,3,2585.0,9.2,509,6,5,407870,3398460,506,0,5,-95.94,519,60.0,-80.0,100.0,-3,-186.86989764584405,-13,6,0,7.406912128495229
1914,2596301,407810.0,3398540.0,10,330,3,3,2585.0,9.2,509,6,5,407945,3398525,509,0,5,-97.59,519,135.0,-15.0,135.83077707206124,0,-233.65980825409008,-10,6,0,4.210577357609904
1915,2596301,407810.0,3398540.0,10,330,3,3,2585.0,9.2,509,6,5,407995,3398495,509,96,13,-97.5,519,185.0,-45.0,190.3943276465977,0,-226.3286928678042,-10,6,0,3.0065591490544454
1916,2596301,407810.0,3398540.0,10,330,3,3,2585.0,9.2,509,6,5,407875,3398455,506,0,6,-93.9,519,65.0,-85.0,107.00467279516349,-3,-187.40535663140855,-13,6,0,6.9269185599084295
1917,2596301,407810.0,3398540.0,10,330,3,3,2585.0,9.2,509,6,5,407755,3398575,509,0,15,-74.5,519,-55.0,35.0,65.19202405202648,0,-27.528807709151522,-10,6,0,8.720796928163413
1918,2596301,407810.0,3398540.0,10,330,3,3,2585.0,9.2,509,6,5,407850,3398480,506,0,13,-91.0,519,40.0,-60.0,72.11102550927978,-3,-183.69006752597977,-13,6,0,10.21937711459359
1919,2596301,407810.0,3398540.0,10,330,3,3,2585.0,9.2,509,6,5,407970,3398520,509,0,5,-89.5,519,160.0,-20.0,161.24515496597098,0,-232.8749836510982,-10,6,0,3.5487883308747326
1920,2596301,407810.0,3398540.0,10,330,3,3,2585.0,9.2,509,6,5,407960,3398510,509,0,6,-94.22,519,150.0,-30.0,152.97058540778355,0,-228.69006752597977,-10,6,0,3.740220388190504
1921,2596301,407810.0,3398540.0,10,330,3,3,2585.0,9.2,509,6,5,407950,3398540,509,0,10,-92.4,519,140.0,0.0,140.0,0,-240.0,-10,6,0,4.085616779974877
1922,2596301,407810.0,3398540.0,10,330,3,3,2585.0,9.2,509,6,5,407975,3398515,509,0,6,-92.75,519,165.0,-25.0,166.88319268278636,0,-231.38435181583588,-10,6,0,3.429185966572404
1923,2596301,407810.0,3398540.0,10,330,3,3,2585.0,9.2,509,6,5,407775,3398715,506,5,5,-90.23,519,-35.0,175.0,178.46568297574746,-3,18.69006752597977,-13,6,0,4.166245781782793
1924,2596301,407810.0,3398540.0,10,330,3,3,2585.0,9.2,509,6,5,407955,3398535,509,0,10,-96.17,519,145.0,-5.0,145.08618128546908,0,-238.02506598911805,-10,6,0,3.9428501794597177
1925,2596301,407810.0,3398540.0,10,330,3,3,2585.0,9.2,509,6,5,408160,3398790,508,0,5,-95.14,519,350.0,250.0,430.11626335213134,-1,-275.5376777919744,-11,6,0,1.4649904586158022
1926,2596301,407810.0,3398540.0,10,330,3,3,2585.0,9.2,509,6,5,407740,3398570,510,0,15,-85.5,519,-70.0,30.0,76.15773105863909,1,-36.801409486351815,-9,6,0,6.739715441829896
1927,2596301,407810.0,3398540.0,10,330,3,3,2585.0,9.2,509,6,5,407975,3398665,506,9,6,-93.0,519,165.0,125.0,207.0024154448445,-3,-277.14668669802177,-13,6,0,3.593524365571573
1928,2596301,407810.0,3398540.0,10,330,3,3,2585.0,9.2,509,6,5,407855,3398625,508,5,5,-81.67,519,45.0,85.0,96.17692030835673,-1,-302.10272896905235,-11,6,0,6.52471309697737
1929,2596301,407810.0,3398540.0,10,330,3,3,2585.0,9.2,509,6,5,407865,3398615,509,0,6,-83.0,519,55.0,75.0,93.00537618869137,0,-293.74616226255523,-10,6,0,6.136903891518818
1930,2596301,407810.0,3398540.0,10,330,3,3,2585.0,9.2,509,6,5,407950,3398690,507,5,5,-100.0,519,140.0,150.0,205.1828452868319,-2,-286.97493401088195,-12,6,0,3.347097822908725
1931,2596301,407810.0,3398540.0,10,330,3,3,2585.0,9.2,509,6,5,407760,3398560,510,5,5,-85.0,519,-50.0,20.0,53.85164807134504,1,-38.198590513648185,-9,6,0,9.487915962157532
1932,2596301,407810.0,3398540.0,10,330,3,3,2585.0,9.2,509,6,5,407770,3398550,510,5,6,-97.0,519,-40.0,10.0,41.23105625617661,1,-45.963756532073546,-9,6,0,12.313498291821032
1933,2596301,407810.0,3398540.0,10,330,3,3,2585.0,9.2,509,6,5,407850,3398630,508,5,6,-86.0,519,40.0,90.0,98.48857801796105,-1,-306.0375110254218,-11,6,0,6.372844308095522
1934,2596301,407810.0,3398540.0,10,330,3,3,2585.0,9.2,509,6,5,407895,3398585,509,0,5,-86.58,519,85.0,45.0,96.17692030835673,0,-267.89727103094765,-10,6,0,5.936001804797608
1935,2596301,407810.0,3398540.0,10,330,3,3,2585.0,9.2,509,6,5,407985,3398655,506,0,5,-92.2,519,175.0,115.0,209.40391591371923,-3,-273.3106308245608,-13,6,0,3.552419005559418
1936,2596301,407810.0,3398540.0,10,330,3,3,2585.0,9.2,509,6,5,407710,3398450,506,0,13,-92.0,519,-100.0,-90.0,134.5362404707371,-3,-101.98721249581666,-13,6,0,5.519255047785942
1937,2596301,407810.0,3398540.0,10,330,3,3,2585.0,9.2,509,6,5,407805,3398515,508,0,13,-87.88,519,-5.0,-25.0,25.495097567963924,-1,-138.6900675259798,-11,6,0,23.33804811782931
1938,2596301,407810.0,3398540.0,10,330,3,3,2585.0,9.2,509,6,5,407870,3398610,509,21,6,-76.5,519,60.0,70.0,92.19544457292888,0,-289.3987053549955,-10,6,0,6.190399458571856
1939,2596301,407810.0,3398540.0,10,330,3,3,2585.0,9.2,509,6,5,407815,3398505,507,0,5,-86.09,519,5.0,-35.0,35.35533905932738,-2,-158.13010235415595,-12,6,0,18.7477906121146
1940,2596301,407810.0,3398540.0,10,330,3,3,2585.0,9.2,509,6,5,407830,3398490,507,0,13,-86.0,519,20.0,-50.0,53.85164807134504,-2,-171.80140948635176,-12,6,0,12.562228295302136
1941,2596301,407810.0,3398540.0,10,330,3,3,2585.0,9.2,509,6,5,407840,3398640,508,0,6,-80.2,519,30.0,100.0,104.4030650891055,-1,-313.3007557660064,-11,6,0,6.014544250273251
1942,2596301,407810.0,3398540.0,10,330,3,3,2585.0,9.2,509,6,5,407875,3398605,509,21,6,-83.54,519,65.0,65.0,91.92388155425118,0,-285.0,-10,6,0,6.208544626185846
1943,2596301,407810.0,3398540.0,10,330,3,3,2585.0,9.2,509,6,5,407880,3398600,509,21,6,-85.88,519,70.0,60.0,92.19544457292888,0,-280.6012946450045,-10,6,0,6.190399458571856
1944,2596301,407810.0,3398540.0,10,330,3,3,2585.0,9.2,509,6,5,407890,3398590,509,0,5,-91.83,519,80.0,50.0,94.33981132056604,0,-272.0053832080835,-10,6,0,6.050746015911744
1945,2596301,407810.0,3398540.0,10,330,3,3,2585.0,9.2,509,6,5,407905,3398575,509,0,5,-90.0,519,95.0,35.0,101.24228365658294,0,-260.22485943116806,-10,6,0,5.640976563115981
1946,2596301,407810.0,3398540.0,10,330,3,3,2585.0,9.2,509,6,5,407820,3398500,507,0,5,-80.33,519,10.0,-40.0,41.23105625617661,-2,-164.0362434679265,-12,6,0,16.227254023233513
1947,2596301,407810.0,3398540.0,10,330,3,3,2585.0,9.2,509,6,5,407995,3398645,506,0,5,-94.0,519,185.0,105.0,212.72047386182646,-3,-269.5778386812613,-13,6,0,3.4971712331795155
1948,2596301,407810.0,3398540.0,10,330,3,3,2585.0,9.2,509,6,5,407900,3398580,509,0,5,-87.38,519,90.0,40.0,98.48857801796105,0,-263.96248897457815,-10,6,0,5.797636329530628
1949,2596301,407810.0,3398540.0,10,330,3,3,2585.0,9.2,509,6,5,407990,3398650,506,0,5,-87.55,519,180.0,110.0,210.95023109728987,-3,-271.4295656148385,-13,6,0,3.526444886987833
1950,2596301,407810.0,3398540.0,10,330,3,3,2585.0,9.2,509,6,5,407825,3398495,507,0,13,-81.5,519,15.0,-45.0,47.43416490252569,-2,-168.43494882292202,-12,6,0,14.196947417484148
1951,2596301,407810.0,3398540.0,10,330,3,3,2585.0,9.2,509,6,5,407910,3398570,509,0,5,-89.19,519,100.0,30.0,104.4030650891055,0,-256.6992442339936,-10,6,0,5.47124945343343
1952,2596301,407810.0,3398540.0,10,330,3,3,2585.0,9.2,509,6,5,407810,3398510,508,0,5,-85.33,519,0.0,-30.0,30.0,-1,-150.0,-11,6,0,20.136303428248137
1953,2596301,407810.0,3398540.0,10,330,3,3,2585.0,9.2,509,6,5,407845,3398635,508,0,6,-86.5,519,35.0,95.0,101.24228365658294,-1,-309.77514056883194,-11,6,0,6.20087723054507
1954,2596301,407810.0,3398540.0,10,330,3,3,2585.0,9.2,509,6,5,408075,3398725,506,0,6,-94.78,519,265.0,185.0,323.18725222384626,-3,-274.9194020124577,-13,6,0,2.303444206154446
1955,2596301,407810.0,3398540.0,10,330,3,3,2585.0,9.2,509,6,5,407785,3398535,509,6,6,-91.5,519,-25.0,-5.0,25.495097567963924,0,-71.30993247402023,-10,6,0,21.416714033033625
1956,2596301,407810.0,3398540.0,10,330,3,3,2585.0,9.2,509,6,5,407835,3398485,507,0,13,-89.0,519,25.0,-55.0,60.41522986797286,-2,-174.44395478041656,-12,6,0,11.234183630462516
1957,2596301,407810.0,3398540.0,10,330,3,3,2585.0,9.2,509,6,5,407790,3398530,509,6,5,-90.0,519,-20.0,-10.0,22.360679774997898,0,-86.56505117707798,-10,6,0,24.094842552110702
1958,2596301,407810.0,3398540.0,10,330,3,3,2585.0,9.2,509,6,5,407885,3398595,509,0,5,-88.0,519,75.0,55.0,93.00537618869137,0,-276.25383773744477,-10,6,0,6.136903891518818
1959,2596301,407810.0,3398540.0,10,330,3,3,2585.0,9.2,509,6,5,407800,3398520,508,0,13,-84.0,519,-10.0,-20.0,22.360679774997898,-1,-123.434948822922,-11,6,0,26.194185490754055
1960,2596301,407810.0,3398540.0,10,330,3,3,2585.0,9.2,509,6,5,407720,3398440,506,0,13,-90.0,519,-90.0,-100.0,134.5362404707371,-3,-108.01278750418336,-13,6,0,5.519255047785942
1961,2596301,407810.0,3398540.0,10,330,3,3,2585.0,9.2,509,6,5,407795,3398525,509,0,5,-96.17,519,-15.0,-15.0,21.213203435596427,0,-105.0,-10,6,0,25.239401820678914
1962,2596301,407810.0,3398540.0,10,330,3,3,2585.0,9.2,509,6,5,407730,3398430,506,0,5,-89.5,519,-80.0,-110.0,136.01470508735443,-3,-113.9726266148964,-13,6,0,5.459625834082291
1963,2596301,407810.0,3398540.0,10,330,3,3,2585.0,9.2,509,6,5,407915,3398565,509,0,5,-89.57,519,105.0,25.0,107.93516572461452,0,-253.39249775375112,-10,6,0,5.293240796259826
1964,2596301,407810.0,3398540.0,10,330,3,3,2585.0,9.2,509,6,5,407775,3398545,510,0,6,-99.5,519,-35.0,5.0,35.35533905932738,1,-51.86989764584405,-9,6,0,14.28179453796326
1965,2596301,407810.0,3398540.0,10,330,3,3,2585.0,9.2,509,6,5,407525,3399005,507,0,6,-113.0,519,-285.0,465.0,545.3897688809353,-2,-1.5042667192041677,-12,6,0,1.260453485961426
1966,2596301,407810.0,3398540.0,10,330,3,3,2585.0,9.2,509,6,5,407575,3398975,507,0,5,-105.0,519,-235.0,435.0,494.41885077330943,-2,1.6207569138920803,-12,6,0,1.3903482728385865
1967,2596301,407810.0,3398540.0,10,330,3,3,2585.0,9.2,509,6,5,408000,3398525,509,6,5,-97.5,519,190.0,-15.0,190.59118552545917,0,-235.48601154199872,-10,6,0,3.003459422055381
1968,2596301,407810.0,3398540.0,10,330,3,3,2585.0,9.2,509,6,5,408025,3398550,508,6,10,-96.0,519,215.0,10.0,215.23243250030885,-1,-242.66300076606717,-11,6,0,2.9257007831200323
1969,2596301,407810.0,3398540.0,10,330,3,3,2585.0,9.2,509,6,5,408015,3398540,508,6,10,-111.33,519,205.0,0.0,205.0,-1,-240.0,-11,6,0,3.0714621170703906
1970,2596301,407810.0,3398540.0,10,330,3,3,2585.0,9.2,509,6,5,408010,3398535,509,6,5,-104.25,519,200.0,-5.0,200.06249023742558,0,-238.56790381583534,-10,6,0,2.8615126297791216
1971,2596301,407810.0,3398540.0,10,330,3,3,2585.0,9.2,509,6,5,408005,3398530,509,6,5,-106.0,519,195.0,-10.0,195.25624189766637,0,-237.06432655357884,-10,6,0,2.931827580835157
1972,2596301,407810.0,3398540.0,10,330,3,3,2585.0,9.2,509,6,5,407780,3398740,506,0,5,-104.5,519,-30.0,200.0,202.23748416156684,-3,21.469234390051838,-13,6,0,3.6779619040611347
1973,2596301,407810.0,3398540.0,10,330,3,3,2585.0,9.2,509,6,5,407775,3398745,506,5,5,-100.83,519,-35.0,205.0,207.9663434308542,-3,20.311213439633207,-13,6,0,3.5769116543247215
1974,2596301,407810.0,3398540.0,10,330,3,3,2585.0,9.2,509,6,5,407785,3398735,506,0,15,-93.33,519,-25.0,195.0,196.596032513375,-3,22.694240466689166,-13,6,0,3.7832011828746195
1975,2596301,407810.0,3398540.0,10,330,3,3,2585.0,9.2,509,6,5,407790,3398730,506,5,15,-95.5,519,-20.0,190.0,191.049731745428,-3,23.990994042505463,-13,6,0,3.892697108969486
1976,2596301,407810.0,3398540.0,10,330,3,3,2585.0,9.2,509,6,5,407795,3398725,506,5,15,-97.4,519,-15.0,185.0,185.60711193270586,-3,25.364536573097382,-13,6,0,4.006477514109881
1977,2596301,407810.0,3398540.0,10,330,3,3,2585.0,9.2,509,6,5,408000,3398520,509,6,5,-96.0,519,190.0,-20.0,191.049731745428,0,-233.99099404250546,-10,6,0,2.996263848313101
1978,2596301,407810.0,3398540.0,10,330,3,3,2585.0,9.2,509,6,5,407690,3398410,505,0,5,-93.0,519,-120.0,-130.0,176.91806012954132,-4,-107.29061004263855,-14,6,0,4.5245400329950085
1979,2596301,407810.0,3398540.0,10,330,3,3,2585.0,9.2,509,6,5,407860,3398600,509,21,6,-89.33,519,50.0,60.0,78.10249675906654,0,-290.1944289077348,-10,6,0,7.296275301016713
1980,2596301,407810.0,3398540.0,10,330,3,3,2585.0,9.2,509,6,5,407830,3398550,509,0,5,-86.5,519,20.0,10.0,22.360679774997898,0,-266.565051177078,-10,6,0,24.094842552110702
1981,2596301,407810.0,3398540.0,10,330,3,3,2585.0,9.2,509,6,5,407745,3398475,508,0,5,-94.2,519,-65.0,-65.0,91.92388155425118,-1,-105.0,-11,6,0,6.823807243437738
1982,2596301,407810.0,3398540.0,10,330,3,3,2585.0,9.2,509,6,5,407825,3398555,509,6,5,-89.5,519,15.0,15.0,21.213203435596427,0,-285.0,-10,6,0,25.239401820678914
1983,2596301,407810.0,3398540.0,10,330,3,3,2585.0,9.2,509,6,5,407885,3398615,509,21,6,-93.5,519,75.0,75.0,106.06601717798213,0,-285.0,-10,6,0,5.385977098599754
1984,2596301,407810.0,3398540.0,10,330,3,3,2585.0,9.2,509,6,5,407840,3398580,509,0,6,-83.38,519,30.0,40.0,50.0,0,-293.13010235415595,-10,6,0,11.309932474020213
1985,2596301,407810.0,3398540.0,10,330,3,3,2585.0,9.2,509,6,5,407720,3398460,507,0,5,-97.0,519,-90.0,-80.0,120.41594578792295,-2,-101.63353933657018,-12,6,0,5.69099707460626
1986,2596301,407810.0,3398540.0,10,330,3,3,2585.0,9.2,509,6,5,407750,3398470,507,0,13,-90.29,519,-60.0,-70.0,92.19544457292888,-2,-109.39870535499554,-12,6,0,7.415829709624493
1987,2596301,407810.0,3398540.0,10,330,3,3,2585.0,9.2,509,6,5,407900,3398640,510,0,6,-96.5,519,90.0,100.0,134.5362404707371,1,-288.01278750418334,-9,6,0,3.8271833156173307
1988,2596301,407810.0,3398540.0,10,330,3,3,2585.0,9.2,509,6,5,407925,3398655,508,0,6,-102.89,519,115.0,115.0,162.63455967290594,-1,-285.0,-11,6,0,3.8693813790646336
1989,2596301,407810.0,3398540.0,10,330,3,3,2585.0,9.2,509,6,5,407880,3398620,509,0,6,-89.0,519,70.0,80.0,106.30145812734649,0,-288.81407483429035,-10,6,0,5.374117929017665
1990,2596301,407810.0,3398540.0,10,330,3,3,2585.0,9.2,509,6,5,407790,3398510,508,0,13,-93.85,519,-20.0,-30.0,36.05551275463989,-1,-116.30993247402023,-11,6,0,16.966167091928728
1991,2596301,407810.0,3398540.0,10,330,3,3,2585.0,9.2,509,6,5,407755,3398465,507,0,13,-90.78,519,-55.0,-75.0,93.00537618869137,-2,-113.74616226255523,-12,6,0,7.35195900450843
1992,2596301,407810.0,3398540.0,10,330,3,3,2585.0,9.2,509,6,5,407775,3398485,507,0,13,-91.87,519,-35.0,-55.0,65.19202405202648,-2,-117.52880770915152,-12,6,0,10.42977636296751
1993,2596301,407810.0,3398540.0,10,330,3,3,2585.0,9.2,509,6,5,407810,3398530,509,0,13,-79.82,519,0.0,-10.0,10.0,0,-150.0,-10,6,0,45.0
1994,2596301,407810.0,3398540.0,10,330,3,3,2585.0,9.2,509,6,5,407835,3398545,509,0,13,-86.87,519,25.0,5.0,25.495097567963924,0,-251.30993247402023,-10,6,0,21.416714033033625
1995,2596301,407810.0,3398540.0,10,330,3,3,2585.0,9.2,509,6,5,407855,3398565,509,0,5,-85.69,519,45.0,25.0,51.478150704935004,0,-269.05460409907715,-10,6,0,10.993201498596918
1996,2596301,407810.0,3398540.0,10,330,3,3,2585.0,9.2,509,6,5,407770,3398490,508,0,13,-93.75,519,-40.0,-50.0,64.03124237432849,-1,-111.34019174590992,-11,6,0,9.747757811922781
1997,2596301,407810.0,3398540.0,10,330,3,3,2585.0,9.2,509,6,5,407910,3398630,509,9,6,-102.4,519,100.0,90.0,134.5362404707371,0,-281.98721249581666,-10,6,0,4.250944625001747
1998,2596301,407810.0,3398540.0,10,330,3,3,2585.0,9.2,509,6,5,407895,3398605,510,0,5,-89.0,519,85.0,65.0,107.00467279516349,1,-277.40535663140855,-9,6,0,4.80774498831343
1999,2596301,407810.0,3398540.0,10,330,3,3,2585.0,9.2,509,6,5,407795,3398505,508,0,13,-91.8,519,-15.0,-35.0,38.07886552931954,-1,-126.80140948635182,-11,6,0,16.11263892359911
2000,2596301,407810.0,3398540.0,10,330,3,3,2585.0,9.2,509,6,5,407950,3398670,507,0,6,-100.6,519,140.0,130.0,191.049731745428,-2,-282.87890360333853,-12,6,0,3.594076305003113
2001,2596301,407810.0,3398540.0,10,330,3,3,2585.0,9.2,509,6,5,407890,3398610,510,21,6,-92.0,519,80.0,70.0,106.30145812734649,1,-281.18592516570965,-9,6,0,4.839399045817192
2002,2596301,407810.0,3398540.0,10,330,3,3,2585.0,9.2,509,6,5,407845,3398575,509,0,6,-85.28,519,35.0,35.0,49.49747468305833,0,-285.0,-10,6,0,11.421753658962295
2003,2596301,407810.0,3398540.0,10,330,3,3,2585.0,9.2,509,6,5,407710,3398430,506,0,13,-91.33,519,-100.0,-110.0,148.66068747318505,-3,-107.72631099390625,-13,6,0,4.997657319386567
2004,2596301,407810.0,3398540.0,10,330,3,3,2585.0,9.2,509,6,5,407875,3398585,509,0,5,-87.43,519,65.0,45.0,79.05694150420949,0,-274.695153531234,-10,6,0,7.209120586689089
2005,2596301,407810.0,3398540.0,10,330,3,3,2585.0,9.2,509,6,5,407870,3398590,509,0,6,-84.73,519,60.0,50.0,78.10249675906654,0,-279.8055710922652,-10,6,0,7.296275301016713
2006,2596301,407810.0,3398540.0,10,330,3,3,2585.0,9.2,509,6,5,407765,3398495,508,0,13,-94.62,519,-45.0,-45.0,63.63961030678928,-1,-105.0,-11,6,0,9.806583344569779
2007,2596301,407810.0,3398540.0,10,330,3,3,2585.0,9.2,509,6,5,407740,3398480,508,0,5,-98.2,519,-70.0,-60.0,92.19544457292888,-1,-100.60129464500449,-11,6,0,6.803896320851287
2008,2596301,407810.0,3398540.0,10,330,3,3,2585.0,9.2,509,6,5,407815,3398525,508,0,13,-82.31,519,5.0,-15.0,15.811388300841896,-1,-168.43494882292202,-11,6,0,34.82637761834123
2009,2596301,407810.0,3398540.0,10,330,3,3,2585.0,9.2,509,6,5,407915,3398625,509,9,6,-84.33,519,105.0,85.0,135.09256086106296,0,-278.99099404250546,-10,6,0,4.233502721119429
2010,2596301,407810.0,3398540.0,10,330,3,3,2585.0,9.2,509,6,5,407780,3398520,509,6,5,-99.33,519,-30.0,-20.0,36.05551275463989,0,-93.69006752597977,-10,6,0,15.501359566936996
2011,2596301,407810.0,3398540.0,10,330,3,3,2585.0,9.2,509,6,5,407760,3398500,508,0,13,-96.6,519,-50.0,-40.0,64.03124237432849,-1,-98.65980825409011,-11,6,0,9.747757811922781
2012,2596301,407810.0,3398540.0,10,330,3,3,2585.0,9.2,509,6,5,407785,3398515,508,0,5,-91.22,519,-25.0,-25.0,35.35533905932738,-1,-105.0,-11,6,0,17.28232754551572
2013,2596301,407810.0,3398540.0,10,330,3,3,2585.0,9.2,509,6,5,407685,3398415,505,0,13,-93.5,519,-125.0,-125.0,176.7766952966369,-4,-105.0,-14,6,0,4.528143177223382
2014,2596301,407810.0,3398540.0,10,330,3,3,2585.0,9.2,509,6,5,407930,3398650,508,0,6,-102.7,519,120.0,110.0,162.78820596099706,-1,-282.5104470780008,-11,6,0,3.865740374208761
2015,2596301,407810.0,3398540.0,10,330,3,3,2585.0,9.2,509,6,5,407735,3398445,507,0,5,-91.2,519,-75.0,-95.0,121.03718436910205,-2,-111.70983680775691,-12,6,0,5.661977593079348
2016,2596301,407810.0,3398540.0,10,330,3,3,2585.0,9.2,509,6,5,407725,3398455,507,0,5,-92.3,519,-85.0,-85.0,120.20815280171308,-2,-105.0,-12,6,0,5.700769845867321
2017,2596301,407810.0,3398540.0,10,330,3,3,2585.0,9.2,509,6,5,407730,3398450,507,0,5,-91.67,519,-80.0,-90.0,120.41594578792295,-2,-108.36646066342979,-12,6,0,5.69099707460626
2018,2596301,407810.0,3398540.0,10,330,3,3,2585.0,9.2,509,6,5,407850,3398570,509,0,5,-88.54,519,40.0,30.0,50.0,0,-276.86989764584405,-10,6,0,11.309932474020213
2019,2596301,407810.0,3398540.0,10,330,3,3,2585.0,9.2,509,6,5,407905,3398635,510,0,6,-96.5,519,95.0,95.0,134.35028842544403,1,-285.0,-9,6,0,3.8324646825220716
2020,2596301,407810.0,3398540.0,10,330,3,3,2585.0,9.2,509,6,5,407920,3398660,509,0,5,-101.67,519,110.0,120.0,162.78820596099706,0,-287.4895529219992,-10,6,0,3.515234519082136
2021,2596301,407810.0,3398540.0,10,330,3,3,2585.0,9.2,509,6,5,407935,3398645,508,9,6,-99.4,519,125.0,105.0,163.24827717314508,-1,-280.0302592718897,-11,6,0,3.8548787218229283
2022,2596301,407810.0,3398540.0,10,330,3,3,2585.0,9.2,509,6,5,407800,3398540,509,6,5,-93.5,519,-10.0,0.0,10.0,0,-60.0,-10,6,0,45.0
2023,2596301,407810.0,3398540.0,10,330,3,3,2585.0,9.2,509,6,5,407865,3398595,509,21,6,-82.0,519,55.0,55.0,77.78174593052023,0,-285.0,-10,6,0,7.326036953152303
2024,2596301,407810.0,3398540.0,10,330,3,3,2585.0,9.2,509,6,5,407805,3398535,509,0,5,-77.0,519,-5.0,-5.0,7.0710678118654755,0,-105.0,-10,6,0,54.735610317245346
2025,2596301,407810.0,3398540.0,10,330,3,3,2585.0,9.2,509,6,5,407860,3398740,507,5,6,-103.5,519,50.0,200.0,206.15528128088303,-2,-315.96375653207355,-12,6,0,3.3313451801106333
2026,2596301,407810.0,3398540.0,10,330,3,3,2585.0,9.2,509,6,5,408120,3398720,507,0,6,-92.0,519,310.0,180.0,358.4689665786984,-2,-270.14138555207535,-12,6,0,1.9173004165142427
2027,2596301,407810.0,3398540.0,10,330,3,3,2585.0,9.2,509,6,5,408000,3398600,507,0,13,-90.44,519,190.0,60.0,199.24858845171275,-2,-257.5255683737229,-12,6,0,3.446548204197002
2028,2596301,407810.0,3398540.0,10,330,3,3,2585.0,9.2,509,6,5,408080,3398680,506,0,5,-94.67,519,270.0,140.0,304.138126514911,-3,-267.4075754378184,-13,6,0,2.44754586153993
2029,2596301,407810.0,3398540.0,10,330,3,3,2585.0,9.2,509,6,5,408040,3398640,505,0,13,-93.78,519,230.0,100.0,250.79872407968904,-4,-263.4985656759521,-14,6,0,3.1950293928359437
2030,2596301,407810.0,3398540.0,10,330,3,3,2585.0,9.2,509,6,5,408005,3398595,507,0,13,-93.5,519,195.0,55.0,202.6079958935481,-2,-255.75117366345302,-12,6,0,3.389535954044872
2031,2596301,407810.0,3398540.0,10,330,3,3,2585.0,9.2,509,6,5,408045,3398635,505,0,13,-95.0,519,235.0,95.0,253.4758371127315,-4,-262.01128319791934,-14,6,0,3.161353547670854
2032,2596301,407810.0,3398540.0,10,330,3,3,2585.0,9.2,509,6,5,408050,3398630,505,0,5,-91.67,519,240.0,90.0,256.3201123595259,-4,-260.55604521958344,-14,6,0,3.1263433303278085
2033,2596301,407810.0,3398540.0,10,330,3,3,2585.0,9.2,509,6,5,408150,3398690,507,0,5,-119.0,519,340.0,150.0,371.6180835212409,-2,-263.8059435184577,-12,6,0,1.8495077597194025
2034,2596301,407810.0,3398540.0,10,330,3,3,2585.0,9.2,509,6,5,408020,3398580,507,96,13,-95.5,519,210.0,40.0,213.7755832643195,-2,-250.7842978675626,-12,6,0,3.212848508722145
2035,2596301,407810.0,3398540.0,10,330,3,3,2585.0,9.2,509,6,5,408015,3398585,507,96,13,-86.0,519,205.0,45.0,209.88091861815357,-2,-252.38075692880716,-12,6,0,3.2723394879019008
2036,2596301,407810.0,3398540.0,10,330,3,3,2585.0,9.2,509,6,5,408125,3398715,507,0,5,-93.0,519,315.0,175.0,360.347054934545,-2,-269.05460409907715,-12,6,0,1.907315062209856
2037,2596301,407810.0,3398540.0,10,330,3,3,2585.0,9.2,509,6,5,408025,3398575,507,6,13,-95.5,519,215.0,35.0,217.83020910791964,-2,-249.2461127455632,-12,6,0,3.153167330809868
2038,2596301,407810.0,3398540.0,10,330,3,3,2585.0,9.2,509,6,5,408140,3398700,507,18,13,-102.5,519,330.0,160.0,366.742416417845,-2,-265.8663567940945,-12,6,0,1.8740786724307366
2039,2596301,407810.0,3398540.0,10,330,3,3,2585.0,9.2,509,6,5,407740,3398725,506,0,15,-89.0,519,-70.0,185.0,197.80040444852483,-3,9.274441134439485,-13,6,0,3.760232222897587
2040,2596301,407810.0,3398540.0,10,330,3,3,2585.0,9.2,509,6,5,407710,3398775,507,0,15,-92.0,519,-100.0,235.0,255.3918557824427,-2,6.9486990835270035,-12,6,0,2.690156441925345
2041,2596301,407810.0,3398540.0,10,330,3,3,2585.0,9.2,509,6,5,407730,3398755,507,5,5,-91.0,519,-80.0,215.0,229.40139493908924,-2,9.590117166196023,-12,6,0,2.9944162220299586
2042,2596301,407810.0,3398540.0,10,330,3,3,2585.0,9.2,509,6,5,407745,3398730,506,0,15,-90.0,519,-65.0,190.0,200.81085628023203,-3,11.113912630290713,-13,6,0,3.7040188975062636
2043,2596301,407810.0,3398540.0,10,330,3,3,2585.0,9.2,509,6,5,407750,3398725,506,5,5,-87.33,519,-60.0,185.0,194.48650338776724,-3,12.030860259842996,-13,6,0,3.824115175881552
2044,2596301,407810.0,3398540.0,10,330,3,3,2585.0,9.2,509,6,5,407735,3398750,507,0,15,-91.8,519,-75.0,210.0,222.9910312097776,-2,10.346175941946683,-12,6,0,3.0803337853781554
2045,2596301,407810.0,3398540.0,10,330,3,3,2585.0,9.2,509,6,5,407705,3398780,507,0,15,-97.0,519,-105.0,240.0,261.9637379485947,-2,6.370622269343187,-12,6,0,2.6227639568191745
2046,2596301,407810.0,3398540.0,10,330,3,3,2585.0,9.2,509,6,5,407700,3398775,506,0,15,-111.67,519,-110.0,235.0,259.47061490658245,-3,4.9164059938090645,-13,6,0,2.8682355082476265
2047,2596301,407810.0,3398540.0,10,330,3,3,2585.0,9.2,509,6,5,407730,3398745,507,0,15,-91.0,519,-80.0,205.0,220.05681084665386,-2,8.682087724538462,-12,6,0,3.1213260330027874
2048,2596301,407810.0,3398540.0,10,330,3,3,2585.0,9.2,509,6,5,408000,3398475,509,0,5,-94.0,519,190.0,-65.0,200.81085628023203,0,-221.1139126302907,-10,6,0,2.8508661956592154
2049,2596301,407810.0,3398540.0,10,330,3,3,2585.0,9.2,509,6,5,407740,3398735,506,0,15,-90.5,519,-70.0,195.0,207.18349355100662,-3,10.253163394573903,-13,6,0,3.5903918490546443
2050,2596301,407810.0,3398540.0,10,330,3,3,2585.0,9.2,509,6,5,408090,3398650,505,0,13,-98.5,519,280.0,110.0,300.83217912982644,-4,-261.44773632710536,-14,6,0,2.6644841952562763
2051,2596301,407810.0,3398540.0,10,330,3,3,2585.0,9.2,509,6,5,408120,3398700,507,18,5,-98.5,519,310.0,160.0,348.85527085024813,-2,-267.2995722113328,-12,6,0,1.97009598504156
2052,2596301,407810.0,3398540.0,10,330,3,3,2585.0,9.2,509,6,5,408025,3398595,507,96,13,-105.0,519,215.0,55.0,221.92341021172146,-2,-254.34933204294714,-12,6,0,3.095123798582078
2053,2596301,407810.0,3398540.0,10,330,3,3,2585.0,9.2,509,6,5,408070,3398630,505,0,6,-97.0,519,260.0,90.0,275.13632984395207,-4,-259.09349200048564,-14,6,0,2.912918459963871
2054,2596301,407810.0,3398540.0,10,330,3,3,2585.0,9.2,509,6,5,408060,3398640,505,0,5,-97.5,519,250.0,100.0,269.2582403567252,-4,-261.8014094863518,-14,6,0,2.9763963158554283
2055,2596301,407810.0,3398540.0,10,330,3,3,2585.0,9.2,509,6,5,408065,3398635,505,0,6,-99.0,519,255.0,95.0,272.12129648375554,-4,-260.43282867939865,-14,6,0,2.945136330979502
2056,2596301,407810.0,3398540.0,10,330,3,3,2585.0,9.2,509,6,5,408075,3398625,505,0,6,-104.0,519,265.0,85.0,278.29840100151495,-4,-257.7838884426925,-14,6,0,2.879877447756173
2057,2596301,407810.0,3398540.0,10,330,3,3,2585.0,9.2,509,6,5,408130,3398690,507,18,5,-113.4,519,320.0,150.0,353.41194094144583,-2,-265.11483488614454,-12,6,0,1.9447144446272082
2058,2596301,407810.0,3398540.0,10,330,3,3,2585.0,9.2,509,6,5,408125,3398695,507,18,5,-100.5,519,315.0,155.0,351.0697936308392,-2,-266.20011484134733,-12,6,0,1.9576784630247728
2059,2596301,407810.0,3398540.0,10,330,3,3,2585.0,9.2,509,6,5,408000,3398580,507,96,13,-94.67,519,190.0,40.0,194.164878389476,-2,-251.888658039628,-12,6,0,3.536561123726988
2060,2596301,407810.0,3398540.0,10,330,3,3,2585.0,9.2,509,6,5,408135,3398685,507,0,5,-115.5,519,325.0,145.0,355.8791929854849,-2,-264.0442232693678,-12,6,0,1.9312423036249693
2061,2596301,407810.0,3398540.0,10,330,3,3,2585.0,9.2,509,6,5,408055,3398605,506,0,5,-91.5,519,245.0,65.0,253.4758371127315,-3,-254.85861444792465,-13,6,0,2.9359528034123894
2062,2596301,407810.0,3398540.0,10,330,3,3,2585.0,9.2,509,6,5,408020,3398600,506,96,13,-93.57,519,210.0,60.0,218.40329667841556,-3,-255.94539590092285,-13,6,0,3.4063924576663966
2063,2596301,407810.0,3398540.0,10,330,3,3,2585.0,9.2,509,6,5,408080,3398660,505,0,5,-92.67,519,270.0,120.0,295.4657340538831,-4,-263.96248897457815,-14,6,0,2.7128066782663907
2064,2596301,407810.0,3398540.0,10,330,3,3,2585.0,9.2,509,6,5,408040,3398620,506,0,13,-101.0,519,230.0,80.0,243.51591323771842,-3,-259.17900802581073,-13,6,0,3.055811627689449
2065,2596301,407810.0,3398540.0,10,330,3,3,2585.0,9.2,509,6,5,408005,3398575,507,96,13,-93.75,519,195.0,35.0,198.11612756158948,-2,-250.17551084304318,-12,6,0,3.4662012829040525
2066,2596301,407810.0,3398540.0,10,330,3,3,2585.0,9.2,509,6,5,407810,3398595,508,5,5,-89.0,519,0.0,55.0,55.0,-1,-330.0,-11,6,0,11.309932474020213
2067,2596301,407810.0,3398540.0,10,330,3,3,2585.0,9.2,509,6,5,407800,3398585,508,5,5,-78.25,519,-10.0,45.0,46.09772228646444,-1,17.471192290848478,-11,6,0,13.421137939554741
2068,2596301,407810.0,3398540.0,10,330,3,3,2585.0,9.2,509,6,5,407725,3398670,507,5,15,-84.5,519,-85.0,130.0,155.32224567009067,-2,-3.1785116593927683,-12,6,0,4.417823446667926
2069,2596301,407810.0,3398540.0,10,330,3,3,2585.0,9.2,509,6,5,407795,3398620,507,5,5,-80.75,519,-15.0,80.0,81.39410298049853,-2,19.38034472384487,-12,6,0,8.386748102866573
2070,2596301,407810.0,3398540.0,10,330,3,3,2585.0,9.2,509,6,5,407825,3398570,508,0,6,-81.33,519,15.0,30.0,33.54101966249684,-1,-303.434948822922,-11,6,0,18.157247236492648
2071,2596301,407810.0,3398540.0,10,330,3,3,2585.0,9.2,509,6,5,407895,3398520,508,0,13,-87.43,519,85.0,-20.0,87.32124598286491,-1,-226.75948008481282,-11,6,0,7.179823810334801
2072,2596301,407810.0,3398540.0,10,330,3,3,2585.0,9.2,509,6,5,407830,3398575,508,0,6,-81.89,519,20.0,35.0,40.311288741492746,-1,-300.2551187030578,-11,6,0,15.263072090786531
2073,2596301,407810.0,3398540.0,10,330,3,3,2585.0,9.2,509,6,5,407790,3398615,508,5,6,-79.6,519,-20.0,75.0,77.62087348130012,-1,15.068582821862435,-11,6,0,8.065930505029064
2074,2596301,407810.0,3398540.0,10,330,3,3,2585.0,9.2,509,6,5,407915,3398500,508,0,5,-90.69,519,105.0,-40.0,112.36102527122117,-1,-219.14554196042167,-11,6,0,5.591365774814198
2075,2596301,407810.0,3398540.0,10,330,3,3,2585.0,9.2,509,6,5,408225,3398810,509,6,13,-105.0,519,415.0,270.0,495.1009997970111,0,-273.04812486997525,-10,6,0,1.1570970382642873
2076,2596301,407810.0,3398540.0,10,330,3,3,2585.0,9.2,509,6,5,407815,3398600,508,0,15,-85.0,519,5.0,60.0,60.207972893961475,-1,-325.23635830927384,-11,6,0,10.353749632074488
2077,2596301,407810.0,3398540.0,10,330,3,3,2585.0,9.2,509,6,5,407770,3398635,507,0,15,-85.71,519,-40.0,95.0,103.07764064044152,-2,7.166345822082462,-12,6,0,6.640317538681618
2078,2596301,407810.0,3398540.0,10,330,3,3,2585.0,9.2,509,6,5,407870,3398535,509,0,6,-84.26,519,60.0,-5.0,60.207972893961475,0,-235.23635830927384,-10,6,0,9.430225138005694
2079,2596301,407810.0,3398540.0,10,330,3,3,2585.0,9.2,509,6,5,407905,3398490,507,96,13,-94.58,519,95.0,-50.0,107.35455276791944,-2,-212.24145939893998,-12,6,0,6.37799765281159
2080,2596301,407810.0,3398540.0,10,330,3,3,2585.0,9.2,509,6,5,407885,3398510,508,0,5,-82.56,519,75.0,-30.0,80.77747210701756,-1,-218.19859051364818,-11,6,0,7.754643944578626
2081,2596301,407810.0,3398540.0,10,330,3,3,2585.0,9.2,509,6,5,407760,3398625,508,0,15,-90.6,519,-50.0,85.0,98.6154146165801,-1,-0.4655449194598873,-11,6,0,6.364715027114293
2082,2596301,407810.0,3398540.0,10,330,3,3,2585.0,9.2,509,6,5,407840,3398545,509,0,13,-83.27,519,30.0,5.0,30.4138126514911,0,-249.46232220802563,-10,6,0,18.20076026453332
2083,2596301,407810.0,3398540.0,10,330,3,3,2585.0,9.2,509,6,5,407855,3398560,509,0,5,-87.07,519,45.0,20.0,49.24428900898052,0,-263.96248897457815,-10,6,0,11.478922718978371
2084,2596301,407810.0,3398540.0,10,330,3,3,2585.0,9.2,509,6,5,407845,3398550,509,0,13,-84.46,519,35.0,10.0,36.40054944640259,0,-255.94539590092285,-10,6,0,15.36139538973087
2085,2596301,407810.0,3398540.0,10,330,3,3,2585.0,9.2,509,6,5,407865,3398530,509,0,5,-82.3,519,55.0,-10.0,55.90169943749474,0,-229.69515353123398,-10,6,0,10.142106156573984
2086,2596301,407810.0,3398540.0,10,330,3,3,2585.0,9.2,509,6,5,407775,3398640,507,0,15,-87.17,519,-35.0,100.0,105.94810050208545,-2,10.709953780811247,-12,6,0,6.461953525007425
2087,2596301,407810.0,3398540.0,10,330,3,3,2585.0,9.2,509,6,5,407860,3398525,508,0,5,-85.17,519,50.0,-15.0,52.20153254455275,-1,-223.30075576600638,-11,6,0,11.89938174128592
2088,2596301,407810.0,3398540.0,10,330,3,3,2585.0,9.2,509,6,5,407955,3398460,509,0,5,-101.0,519,145.0,-80.0,165.60495161679194,0,-211.1134182330893,-10,6,0,3.455590642634524
2089,2596301,407810.0,3398540.0,10,330,3,3,2585.0,9.2,509,6,5,407780,3398605,508,5,5,-86.33,519,-30.0,65.0,71.58910531638176,-1,5.224859431168056,-11,6,0,8.735444131760737
2090,2596301,407810.0,3398540.0,10,330,3,3,2585.0,9.2,509,6,5,407785,3398610,508,5,6,-79.0,519,-25.0,70.0,74.33034373659252,-1,10.346175941946683,-11,6,0,8.417990887582802
2091,2596301,407810.0,3398540.0,10,330,3,3,2585.0,9.2,509,6,5,407875,3398540,509,0,5,-85.06,519,65.0,0.0,65.0,0,-240.0,-10,6,0,8.74616226255521
2092,2596301,407810.0,3398540.0,10,330,3,3,2585.0,9.2,509,6,5,407850,3398555,509,0,13,-82.4,519,40.0,15.0,42.720018726587654,0,-260.55604521958344,-10,6,0,13.174712159567619
2093,2596301,407810.0,3398540.0,10,330,3,3,2585.0,9.2,509,6,5,407835,3398580,508,0,7,-84.77,519,25.0,40.0,47.16990566028302,-1,-297.9946167919165,-11,6,0,13.126751760351867
2094,2596301,407810.0,3398540.0,10,330,3,3,2585.0,9.2,509,6,5,407910,3398495,508,0,13,-90.33,519,100.0,-45.0,109.65856099730654,-1,-215.77225468204585,-11,6,0,5.728255892432204
2095,2596301,407810.0,3398540.0,10,330,3,3,2585.0,9.2,509,6,5,407925,3398470,507,0,5,-89.5,519,115.0,-70.0,134.6291201783626,-2,-208.6713071321958,-12,6,0,5.09352778654852
2096,2596301,407810.0,3398540.0,10,330,3,3,2585.0,9.2,509,6,5,407900,3398485,507,96,5,-90.75,519,90.0,-55.0,105.47511554864494,-2,-208.5704343851615,-12,6,0,6.490684303853317
2097,2596301,407810.0,3398540.0,10,330,3,3,2585.0,9.2,509,6,5,407735,3398680,507,5,15,-86.8,519,-75.0,140.0,158.8238017426859,-2,1.8214098900408544,-12,6,0,4.320797574273041
2098,2596301,407810.0,3398540.0,10,330,3,3,2585.0,9.2,509,6,5,407890,3398515,508,0,5,-82.67,519,80.0,-25.0,83.81527307120105,-1,-222.64597536373867,-11,6,0,7.476823206593228
2099,2596301,407810.0,3398540.0,10,330,3,3,2585.0,9.2,509,6,5,407805,3398590,508,5,5,-80.5,519,-5.0,50.0,50.24937810560445,-1,24.289406862500357,-11,6,0,12.347736263701226
2100,2596301,407810.0,3398540.0,10,330,3,3,2585.0,9.2,509,6,5,407880,3398505,508,0,6,-88.14,519,70.0,-35.0,78.26237921249263,-1,-213.43494882292202,-11,6,0,8.00067477023989
2101,2596301,407810.0,3398540.0,10,330,3,3,2585.0,9.2,509,6,5,408015,3398660,506,0,5,-92.0,519,205.0,120.0,237.53947040439405,-3,-270.3432488842396,-13,6,0,3.132543955086361
2102,2596301,407810.0,3398540.0,10,330,3,3,2585.0,9.2,509,6,5,408045,3398690,506,0,5,-92.08,519,235.0,150.0,278.792037189013,-3,-272.5500034921934,-13,6,0,2.669753402401584
2103,2596301,407810.0,3398540.0,10,330,3,3,2585.0,9.2,509,6,5,408050,3398695,506,0,5,-90.11,519,240.0,155.0,285.70089254323307,-3,-272.855721950433,-13,6,0,2.6052831382061115
2104,2596301,407810.0,3398540.0,10,330,3,3,2585.0,9.2,509,6,5,408060,3398705,506,0,6,-93.8,519,250.0,165.0,299.5413160150032,-3,-273.4248111826038,-13,6,0,2.4850595722793942
2105,2596301,407810.0,3398540.0,10,330,3,3,2585.0,9.2,509,6,5,408040,3398685,506,0,5,-96.27,519,230.0,145.0,271.89152248645047,-3,-272.22875743509854,-13,6,0,2.73740904876995
2106,2596301,407810.0,3398540.0,10,330,3,3,2585.0,9.2,509,6,5,408075,3398720,506,0,5,-88.2,519,265.0,180.0,320.3513695928269,-3,-274.18612248637504,-13,6,0,2.323812989148866
2107,2596301,407810.0,3398540.0,10,330,3,3,2585.0,9.2,509,6,5,408025,3398670,506,0,5,-97.75,519,215.0,130.0,251.24689052802225,-3,-271.1593045083444,-13,6,0,2.961953045989274
2108,2596301,407810.0,3398540.0,10,330,3,3,2585.0,9.2,509,6,5,408055,3398700,506,0,6,-92.83,519,245.0,160.0,292.61749776799064,-3,-273.146995832256,-13,6,0,2.543783880391135
2109,2596301,407810.0,3398540.0,10,330,3,3,2585.0,9.2,509,6,5,408010,3398655,506,0,5,-91.55,519,200.0,115.0,230.70543990118657,-3,-269.89890183861456,-13,6,0,3.2251440992653557
2110,2596301,407810.0,3398540.0,10,330,3,3,2585.0,9.2,509,6,5,408005,3398650,506,0,10,-93.25,519,195.0,110.0,223.8861317723811,-3,-269.42745640318975,-13,6,0,3.3231612770360486
2111,2596301,407810.0,3398540.0,10,330,3,3,2585.0,9.2,509,6,5,408035,3398680,506,0,5,-98.27,519,225.0,140.0,265.0,-3,-271.8907918018457,-13,6,0,2.808484877345993
2112,2596301,407810.0,3398540.0,10,330,3,3,2585.0,9.2,509,6,5,408030,3398675,506,0,5,-94.36,519,220.0,135.0,258.11818998280614,-3,-271.5347919051883,-13,6,0,2.8832384991439035
2113,2596301,407810.0,3398540.0,10,330,3,3,2585.0,9.2,509,6,5,408000,3398645,506,0,10,-91.67,519,190.0,105.0,217.0829334609241,-3,-268.9264258352536,-13,6,0,3.427061921464525
2114,2596301,407810.0,3398540.0,10,330,3,3,2585.0,9.2,509,6,5,408070,3398715,506,0,6,-91.25,519,260.0,175.0,313.40867888429636,-3,-273.9435870197518,-13,6,0,2.3752322311395058
2115,2596301,407810.0,3398540.0,10,330,3,3,2585.0,9.2,509,6,5,408065,3398710,506,0,6,-93.76,519,255.0,170.0,306.4718584144391,-3,-273.69006752597977,-13,6,0,2.428930616768346
2116,2596301,407810.0,3398540.0,10,330,3,3,2585.0,9.2,509,6,5,408020,3398665,506,0,5,-93.25,519,210.0,125.0,244.38698819699874,-3,-270.7627195342389,-13,6,0,3.0449402511130987
2117,2596301,407810.0,3398540.0,10,330,3,3,2585.0,9.2,509,6,5,407545,3398965,507,0,5,-113.5,519,-265.0,425.0,500.8492787256462,-2,-1.9447527762034156,-12,6,0,1.3725043970047255
2118,2596301,407810.0,3398540.0,10,330,3,3,2585.0,9.2,509,6,5,407775,3398540,510,0,7,-84.5,519,-35.0,0.0,35.0,1,-60.0,-9,6,0,14.420773127510985
2119,2596301,407810.0,3398540.0,10,330,3,3,2585.0,9.2,509,6,5,407870,3398635,509,5,5,-87.5,519,60.0,95.0,112.36102527122117,0,-297.7243556854224,-10,6,0,5.085857687964041
2120,2596301,407810.0,3398540.0,10,330,3,3,2585.0,9.2,509,6,5,407875,3398640,509,5,5,-93.0,519,65.0,100.0,119.26860441876563,0,-296.97613244420336,-10,6,0,4.792718293725628
2121,2596301,407810.0,3398540.0,10,330,3,3,2585.0,9.2,509,6,5,407780,3398545,510,0,6,-81.0,519,-30.0,5.0,30.4138126514911,1,-50.537677791974374,-9,6,0,16.48444316946696
2122,2596301,407810.0,3398540.0,10,330,3,3,2585.0,9.2,509,6,5,407770,3398535,510,0,6,-89.33,519,-40.0,-5.0,40.311288741492746,1,-67.1250163489018,-9,6,0,12.585595050151632
2123,2596301,407810.0,3398540.0,10,330,3,3,2585.0,9.2,509,6,5,407905,3398590,509,0,5,-89.11,519,95.0,50.0,107.35455276791944,0,-267.75854060106,-10,6,0,5.321704667051092
2124,2596301,407810.0,3398540.0,10,330,3,3,2585.0,9.2,509,6,5,407885,3398570,509,0,5,-86.48,519,75.0,30.0,80.77747210701756,0,-261.8014094863518,-10,6,0,7.057133832785284
2125,2596301,407810.0,3398540.0,10,330,3,3,2585.0,9.2,509,6,5,407890,3398575,509,0,5,-85.96,519,80.0,35.0,87.32124598286491,0,-263.6293777306568,-10,6,0,6.533033075626061
2126,2596301,407810.0,3398540.0,10,330,3,3,2585.0,9.2,509,6,5,407830,3398515,508,0,5,-83.54,519,20.0,-25.0,32.01562118716424,-1,-188.65980825409008,-11,6,0,18.961813037622072
2127,2596301,407810.0,3398540.0,10,330,3,3,2585.0,9.2,509,6,5,407820,3398505,507,0,5,-83.55,519,10.0,-35.0,36.40054944640259,-2,-165.9453959009229,-12,6,0,18.245597361708544
2128,2596301,407810.0,3398540.0,10,330,3,3,2585.0,9.2,509,6,5,407910,3398595,509,0,5,-90.38,519,100.0,55.0,114.12712210513327,0,-268.81079374297303,-10,6,0,5.007558234977078
2129,2596301,407810.0,3398540.0,10,330,3,3,2585.0,9.2,509,6,5,407915,3398600,509,0,5,-89.61,519,105.0,60.0,120.93386622447825,0,-269.7448812969422,-10,6,0,4.727023601589911
2130,2596301,407810.0,3398540.0,10,330,3,3,2585.0,9.2,509,6,5,407825,3398510,508,0,5,-82.94,519,15.0,-30.0,33.54101966249684,-1,-176.56505117707798,-11,6,0,18.157247236492648
2131,2596301,407810.0,3398540.0,10,330,3,3,2585.0,9.2,509,6,5,407985,3398670,506,0,6,-92.67,519,175.0,130.0,218.0022935659164,-3,-276.6070748126075,-13,6,0,3.4126435322108075
2132,2596301,407810.0,3398540.0,10,330,3,3,2585.0,9.2,509,6,5,407805,3398490,507,0,5,-85.6,519,-5.0,-50.0,50.24937810560445,-2,-144.28940686250036,-12,6,0,13.431189072286667
2133,2596301,407810.0,3398540.0,10,330,3,3,2585.0,9.2,509,6,5,407800,3398485,507,0,13,-91.0,519,-10.0,-55.0,55.90169943749474,-2,-139.69515353123398,-12,6,0,12.115397353409604
2134,2596301,407810.0,3398540.0,10,330,3,3,2585.0,9.2,509,6,5,407810,3398495,507,0,13,-86.0,519,0.0,-45.0,45.0,-2,-150.0,-12,6,0,14.931417178137554
2135,2596301,407810.0,3398540.0,10,330,3,3,2585.0,9.2,509,6,5,407835,3398520,508,0,13,-83.65,519,25.0,-20.0,32.01562118716424,-1,-201.34019174590992,-11,6,0,18.961813037622072
2136,2596301,407810.0,3398540.0,10,330,3,3,2585.0,9.2,509,6,5,407845,3398610,508,5,5,-82.88,519,35.0,70.0,78.26237921249263,-1,-303.434948822922,-11,6,0,8.00067477023989
2137,2596301,407810.0,3398540.0,10,330,3,3,2585.0,9.2,509,6,5,407855,3398620,508,5,6,-84.67,519,45.0,80.0,91.7877987534291,-1,-300.6422464572087,-11,6,0,6.833828481222442
2138,2596301,407810.0,3398540.0,10,330,3,3,2585.0,9.2,509,6,5,407795,3398560,509,0,6,-89.75,519,-15.0,20.0,25.0,0,-6.869897645844048,-10,6,0,21.80140948635181
2139,2596301,407810.0,3398540.0,10,330,3,3,2585.0,9.2,509,6,5,407790,3398555,509,0,6,-85.0,519,-20.0,15.0,25.0,0,-23.13010235415595,-10,6,0,21.80140948635181
2140,2596301,407810.0,3398540.0,10,330,3,3,2585.0,9.2,509,6,5,407880,3398565,509,0,5,-87.56,519,70.0,25.0,74.33034373659252,0,-259.6538240580533,-10,6,0,7.662255660766065
2141,2596301,407810.0,3398540.0,10,330,3,3,2585.0,9.2,509,6,5,407765,3398530,510,6,6,-94.22,519,-45.0,-10.0,46.09772228646444,1,-72.52880770915152,-9,6,0,11.047312831029233
2142,2596301,407810.0,3398540.0,10,330,3,3,2585.0,9.2,509,6,5,407900,3398585,510,0,5,-89.43,519,90.0,45.0,100.62305898749054,1,-266.565051177078,-9,6,0,5.111089695288715
2143,2596301,407810.0,3398540.0,10,330,3,3,2585.0,9.2,509,6,5,407760,3398525,509,6,6,-96.75,519,-50.0,-15.0,52.20153254455275,0,-76.69924423399362,-10,6,0,10.844500067342357
2144,2596301,407810.0,3398540.0,10,330,3,3,2585.0,9.2,509,6,5,407975,3398660,506,9,5,-91.5,519,165.0,120.0,204.02205763103166,-3,-276.0273733851036,-13,6,0,3.6458780592999274
2145,2596301,407810.0,3398540.0,10,330,3,3,2585.0,9.2,509,6,5,407860,3398625,509,5,5,-106.5,519,50.0,85.0,98.6154146165801,0,-299.5344550805401,-10,6,0,5.790230257983663
2146,2596301,407810.0,3398540.0,10,330,3,3,2585.0,9.2,509,6,5,407815,3398500,507,0,13,-85.08,519,5.0,-40.0,40.311288741492746,-2,-157.1250163489018,-12,6,0,16.57739285099434
2147,2596301,407810.0,3398540.0,10,330,3,3,2585.0,9.2,509,6,5,407850,3398615,508,5,5,-87.0,519,40.0,75.0,85.0,-1,-301.92751306414704,-11,6,0,7.373766361330215
2148,2596301,407810.0,3398540.0,10,330,3,3,2585.0,9.2,509,6,5,407895,3398580,509,0,5,-87.17,519,85.0,40.0,93.94147114027967,0,-265.2011236454751,-10,6,0,6.076211468268177
2149,2596301,407810.0,3398540.0,10,330,3,3,2585.0,9.2,509,6,5,407865,3398630,509,5,5,-92.25,519,55.0,90.0,105.47511554864494,0,-298.5704343851615,-10,6,0,5.415971951341969
2150,2596301,407810.0,3398540.0,10,330,3,3,2585.0,9.2,509,6,5,407990,3398675,506,0,6,-93.5,519,180.0,135.0,225.0,-3,-276.86989764584405,-13,6,0,3.3067464802425244
2151,2596301,407810.0,3398540.0,10,330,3,3,2585.0,9.2,509,6,5,407840,3398605,508,0,5,-84.9,519,30.0,65.0,71.58910531638176,-1,-305.22485943116806,-11,6,0,8.735444131760737
2152,2596301,407810.0,3398540.0,10,330,3,3,2585.0,9.2,509,6,5,407970,3398655,507,9,5,-103.5,519,160.0,115.0,197.0406049523803,-2,-275.7066914006029,-12,6,0,3.4850746227316405
2153,2596301,407810.0,3398540.0,10,330,3,3,2585.0,9.2,509,6,5,408090,3398680,506,0,13,-94.0,519,280.0,140.0,313.04951684997053,-3,-266.565051177078,-13,6,0,2.377954211052607
2154,2596301,407810.0,3398540.0,10,330,3,3,2585.0,9.2,509,6,5,407870,3398740,507,0,15,-100.0,519,60.0,200.0,208.806130178211,-2,-313.3007557660064,-12,6,0,3.2891463241711154
2155,2596301,407810.0,3398540.0,10,330,3,3,2585.0,9.2,509,6,5,408005,3398585,507,96,13,-90.5,519,195.0,45.0,200.124960961895,-2,-252.99461679191648,-12,6,0,3.4314914781042494
2156,2596301,407810.0,3398540.0,10,330,3,3,2585.0,9.2,509,6,5,408135,3398715,507,18,13,-105.0,519,325.0,175.0,369.120576505835,-2,-268.3007557660064,-12,6,0,1.862012936053017
2157,2596301,407810.0,3398540.0,10,330,3,3,2585.0,9.2,509,6,5,408080,3398670,506,0,5,-94.2,519,270.0,130.0,299.66648127543397,-3,-265.70995378081125,-13,6,0,2.4840229083379874
2158,2596301,407810.0,3398540.0,10,330,3,3,2585.0,9.2,509,6,5,408055,3398635,505,0,5,-102.0,519,245.0,95.0,262.77366686941826,-4,-261.19405648154225,-14,6,0,3.0497090809231375
2159,2596301,407810.0,3398540.0,10,330,3,3,2585.0,9.2,509,6,5,408000,3398590,507,96,13,-91.57,519,190.0,50.0,196.468827043885,-2,-254.74356283647074,-12,6,0,3.495192033755887
2160,2596301,407810.0,3398540.0,10,330,3,3,2585.0,9.2,509,6,5,408010,3398600,507,0,13,-95.44,519,200.0,60.0,208.806130178211,-2,-256.6992442339936,-12,6,0,3.2891463241711154
2161,2596301,407810.0,3398540.0,10,330,3,3,2585.0,9.2,509,6,5,408140,3398690,507,0,5,-114.0,519,330.0,150.0,362.49137920783716,-2,-264.44395478041656,-12,6,0,1.8960405654181265
2162,2596301,407810.0,3398540.0,10,330,3,3,2585.0,9.2,509,6,5,408075,3398615,505,0,6,-96.5,519,265.0,75.0,275.40878707840824,-4,-255.80251395393555,-14,6,0,2.9100417148711246
2163,2596301,407810.0,3398540.0,10,330,3,3,2585.0,9.2,509,6,5,408070,3398620,505,0,6,-101.0,519,260.0,80.0,272.02941017470886,-4,-257.10272896905235,-14,6,0,2.946129389171019
2164,2596301,407810.0,3398540.0,10,330,3,3,2585.0,9.2,509,6,5,408050,3398640,505,0,5,-95.5,519,240.0,100.0,260.0,-4,-262.61986494804046,-14,6,0,3.082180824528144
2165,2596301,407810.0,3398540.0,10,330,3,3,2585.0,9.2,509,6,5,408040,3398630,505,0,13,-93.5,519,230.0,90.0,246.9817807045694,-4,-261.3706222693432,-14,6,0,3.2443018257546146
2166,2596301,407810.0,3398540.0,10,330,3,3,2585.0,9.2,509,6,5,408015,3398595,507,96,13,-96.4,519,205.0,55.0,212.24985276791125,-2,-255.0183606311507,-12,6,0,3.235894748423912
2167,2596301,407810.0,3398540.0,10,330,3,3,2585.0,9.2,509,6,5,407860,3398730,507,0,5,-105.5,519,50.0,190.0,196.468827043885,-2,-315.25643716352926,-12,6,0,3.495192033755887
2168,2596301,407810.0,3398540.0,10,330,3,3,2585.0,9.2,509,6,5,408030,3398580,507,6,13,-97.5,519,220.0,40.0,223.60679774997897,-2,-250.30484646876602,-12,6,0,3.071867456220387
2169,2596301,407810.0,3398540.0,10,330,3,3,2585.0,9.2,509,6,5,408130,3398720,507,0,5,-93.0,519,320.0,180.0,367.1511950137164,-2,-269.3577535427913,-12,6,0,1.8719935971776207
2170,2596301,407810.0,3398540.0,10,330,3,3,2585.0,9.2,509,6,5,407540,3398990,507,0,6,-106.0,519,-270.0,450.0,524.7856705360771,-2,-0.9637565320735462,-12,6,0,1.3099244053781365
2171,2596301,407810.0,3398540.0,10,330,3,3,2585.0,9.2,509,6,5,407805,3398750,506,0,15,-104.5,519,-5.0,210.0,210.05951537600004,-3,28.63607246839706,-13,6,0,3.541360102800602
2172,2596301,407810.0,3398540.0,10,330,3,3,2585.0,9.2,509,6,5,408005,3398550,508,6,10,-104.0,519,195.0,10.0,195.25624189766637,-1,-242.93567344642116,-11,6,0,3.224419743379102
2173,2596301,407810.0,3398540.0,10,330,3,3,2585.0,9.2,509,6,5,408020,3398525,508,6,5,-103.0,519,210.0,-15.0,210.535032714273,-1,-235.91438322002512,-11,6,0,2.9908609870692477
2174,2596301,407810.0,3398540.0,10,330,3,3,2585.0,9.2,509,6,5,408400,3398795,509,0,5,-109.5,519,590.0,255.0,642.7480066091221,0,-263.3741643650482,-10,6,0,0.8913471008509894
2175,2596301,407810.0,3398540.0,10,330,3,3,2585.0,9.2,509,6,5,407670,3398555,507,5,15,-97.5,519,-140.0,15.0,140.80127840328723,-2,-53.88449643371462,-12,6,0,4.871347014634027
2176,2596301,407810.0,3398540.0,10,330,3,3,2585.0,9.2,509,6,5,407620,3398505,506,0,15,-98.5,519,-190.0,-35.0,193.19679086361657,-3,-70.43747535111822,-13,6,0,3.849567094122599
2177,2596301,407810.0,3398540.0,10,330,3,3,2585.0,9.2,509,6,5,407825,3398550,509,6,5,-82.25,519,15.0,10.0,18.027756377319946,0,-273.69006752597977,-10,6,0,29.017140624601524
2178,2596301,407810.0,3398540.0,10,330,3,3,2585.0,9.2,509,6,5,407870,3398595,509,21,6,-85.56,519,60.0,55.0,81.39410298049853,0,-282.5104470780008,-10,6,0,7.004202982116153
2179,2596301,407810.0,3398540.0,10,330,3,3,2585.0,9.2,509,6,5,407910,3398635,509,0,7,-92.0,519,100.0,95.0,137.93114224133723,0,-283.53119928561415,-10,6,0,4.146685597669769
2180,2596301,407810.0,3398540.0,10,330,3,3,2585.0,9.2,509,6,5,407850,3398575,509,0,5,-86.18,519,40.0,35.0,53.150729063673246,0,-281.18592516570965,-10,6,0,10.6553060508032
2181,2596301,407810.0,3398540.0,10,330,3,3,2585.0,9.2,509,6,5,407765,3398490,508,0,13,-93.0,519,-45.0,-50.0,67.26812023536856,-1,-108.01278750418336,-11,6,0,9.287078159652085
2182,2596301,407810.0,3398540.0,10,330,3,3,2585.0,9.2,509,6,5,407770,3398495,508,0,13,-91.42,519,-40.0,-45.0,60.207972893961475,-1,-108.36646066342979,-11,6,0,10.353749632074488
2183,2596301,407810.0,3398540.0,10,330,3,3,2585.0,9.2,509,6,5,407895,3398620,510,0,6,-90.6,519,85.0,80.0,116.72617529928752,1,-283.2642954110716,-9,6,0,4.408983516366096
2184,2596301,407810.0,3398540.0,10,330,3,3,2585.0,9.2,509,6,5,407735,3398460,507,0,2,-89.17,519,-75.0,-80.0,109.65856099730654,-2,-106.8476102659946,-12,6,0,6.245061217624237
2185,2596301,407810.0,3398540.0,10,330,3,3,2585.0,9.2,509,6,5,407935,3398660,508,0,6,-106.2,519,125.0,120.0,173.27723451163456,-1,-283.83086067209257,-11,6,0,3.6323812663997987
2186,2596301,407810.0,3398540.0,10,330,3,3,2585.0,9.2,509,6,5,407845,3398570,509,0,5,-86.08,519,35.0,30.0,46.09772228646444,0,-280.6012946450045,-10,6,0,12.23955829777656
2187,2596301,407810.0,3398540.0,10,330,3,3,2585.0,9.2,509,6,5,407815,3398540,509,0,13,-85.75,519,5.0,0.0,5.0,0,-240.0,-10,6,0,63.43494882292201
2188,2596301,407810.0,3398540.0,10,330,3,3,2585.0,9.2,509,6,5,407750,3398475,507,0,13,-92.17,519,-60.0,-65.0,88.45903006477066,-2,-107.29061004263855,-12,6,0,7.725358997219309
2189,2596301,407810.0,3398540.0,10,330,3,3,2585.0,9.2,509,6,5,407745,3398470,507,0,5,-94.25,519,-65.0,-70.0,95.524865872714,-2,-107.12109639666144,-12,6,0,7.160088771511015
2190,2596301,407810.0,3398540.0,10,330,3,3,2585.0,9.2,509,6,5,407890,3398615,510,21,6,-90.19,519,80.0,75.0,109.65856099730654,1,-283.1523897340054,-9,6,0,4.691916806115176
2191,2596301,407810.0,3398540.0,10,330,3,3,2585.0,9.2,509,6,5,407780,3398505,508,0,5,-95.79,519,-30.0,-35.0,46.09772228646444,-1,-109.39870535499554,-11,6,0,13.421137939554741
2192,2596301,407810.0,3398540.0,10,330,3,3,2585.0,9.2,509,6,5,407760,3398485,508,0,13,-92.29,519,-50.0,-55.0,74.33034373659252,-1,-107.72631099390625,-11,6,0,8.417990887582802
2193,2596301,407810.0,3398540.0,10,330,3,3,2585.0,9.2,509,6,5,407775,3398500,508,0,13,-94.61,519,-35.0,-40.0,53.150729063673246,-1,-108.81407483429035,-11,6,0,11.69277781216904
2194,2596301,407810.0,3398540.0,10,330,3,3,2585.0,9.2,509,6,5,407920,3398645,509,0,6,-103.67,519,110.0,105.0,152.0690632574555,0,-283.6677801461304,-10,6,0,3.76233031232997
2195,2596301,407810.0,3398540.0,10,330,3,3,2585.0,9.2,509,6,5,407875,3398600,509,21,6,-82.8,519,65.0,60.0,88.45903006477066,0,-282.70938995736145,-10,6,0,6.449716049614203
2196,2596301,407810.0,3398540.0,10,330,3,3,2585.0,9.2,509,6,5,407880,3398605,509,21,6,-96.13,519,70.0,65.0,95.524865872714,0,-282.87890360333853,-10,6,0,5.976228793989439
2197,2596301,407810.0,3398540.0,10,330,3,3,2585.0,9.2,509,6,5,407885,3398610,509,21,6,-89.71,519,75.0,70.0,102.59142264341595,0,-283.02506598911805,-10,6,0,5.567263441956087
2198,2596301,407810.0,3398540.0,10,330,3,3,2585.0,9.2,509,6,5,407755,3398480,508,0,13,-90.5,519,-55.0,-60.0,81.39410298049853,-1,-107.48955292199918,-11,6,0,7.696602619318572
2199,2596301,407810.0,3398540.0,10,330,3,3,2585.0,9.2,509,6,5,407905,3398630,510,9,7,-90.75,519,95.0,90.0,130.86252328302402,1,-283.451842301022,-9,6,0,3.934291404977045
2200,2596301,407810.0,3398540.0,10,330,3,3,2585.0,9.2,509,6,5,407915,3398640,509,0,6,-100.33,519,105.0,100.0,145.0,0,-283.60281897270363,-10,6,0,3.945186229037563
2201,2596301,407810.0,3398540.0,10,330,3,3,2585.0,9.2,509,6,5,407950,3398675,507,0,6,-101.5,519,140.0,135.0,194.48650338776724,-2,-283.95837332399003,-12,6,0,3.5307274709018532
2202,2596301,407810.0,3398540.0,10,330,3,3,2585.0,9.2,509,6,5,407835,3398560,509,0,5,-86.67,519,25.0,20.0,32.01562118716424,0,-278.6598082540901,-10,6,0,17.346065292669948
2203,2596301,407810.0,3398540.0,10,330,3,3,2585.0,9.2,509,6,5,407740,3398465,507,0,5,-93.5,519,-70.0,-75.0,102.59142264341595,-2,-106.97493401088198,-12,6,0,6.671505384874785
2204,2596301,407810.0,3398540.0,10,330,3,3,2585.0,9.2,509,6,5,407725,3398450,507,0,13,-97.33,519,-85.0,-90.0,123.79418403139947,-2,-106.63657704161673,-12,6,0,5.536672994182398
2205,2596301,407810.0,3398540.0,10,330,3,3,2585.0,9.2,509,6,5,407840,3398565,509,0,5,-84.6,519,30.0,25.0,39.05124837953327,0,-279.8055710922652,-10,6,0,14.363302674070406
2206,2596301,407810.0,3398540.0,10,330,3,3,2585.0,9.2,509,6,5,407785,3398510,508,0,5,-95.77,519,-25.0,-30.0,39.05124837953327,-1,-110.19442890773482,-11,6,0,15.731526766293738
2207,2596301,407810.0,3398540.0,10,330,3,3,2585.0,9.2,509,6,5,407795,3398520,508,0,13,-85.67,519,-15.0,-20.0,25.0,-1,-113.13010235415598,-11,6,0,23.74949449286676
2208,2596301,407810.0,3398540.0,10,330,3,3,2585.0,9.2,509,6,5,407820,3398545,509,0,6,-78.75,519,10.0,5.0,11.180339887498949,0,-266.565051177078,-10,6,0,41.810314895778596
2209,2596301,407810.0,3398540.0,10,330,3,3,2585.0,9.2,509,6,5,407940,3398665,508,0,6,-99.33,519,130.0,125.0,180.34688796871433,-1,-283.8766972859246,-11,6,0,3.490349969476675
2210,2596301,407810.0,3398540.0,10,330,3,3,2585.0,9.2,509,6,5,407945,3398670,507,0,6,-101.67,519,135.0,130.0,187.41664813991312,-2,-283.9190758133393,-12,6,0,3.6635597538466858
2211,2596301,407810.0,3398540.0,10,330,3,3,2585.0,9.2,509,6,5,407855,3398580,509,0,6,-84.93,519,45.0,40.0,60.207972893961475,0,-281.6335393365702,-10,6,0,9.430225138005694
2212,2596301,407810.0,3398540.0,10,330,3,3,2585.0,9.2,509,6,5,407810,3398535,509,0,13,-82.0,519,0.0,-5.0,5.0,0,-150.0,-10,6,0,63.43494882292201
2213,2596301,407810.0,3398540.0,10,330,3,3,2585.0,9.2,509,6,5,407805,3398530,509,0,13,-85.0,519,-5.0,-10.0,11.180339887498949,0,-123.434948822922,-10,6,0,41.810314895778596
2214,2596301,407810.0,3398540.0,10,330,3,3,2585.0,9.2,509,6,5,407720,3398445,507,0,13,-90.0,519,-90.0,-95.0,130.86252328302402,-2,-106.54815769897797,-12,6,0,5.239329459986255
2215,2596301,407810.0,3398540.0,10,330,3,3,2585.0,9.2,509,6,5,407865,3398590,509,0,6,-85.5,519,55.0,50.0,74.33034373659252,0,-282.2736890060937,-10,6,0,7.662255660766065
2216,2596301,407810.0,3398540.0,10,330,3,3,2585.0,9.2,509,6,5,407800,3398525,509,0,13,-82.2,519,-10.0,-15.0,18.027756377319946,0,-116.30993247402023,-10,6,0,29.017140624601524
2217,2596301,407810.0,3398540.0,10,330,3,3,2585.0,9.2,509,6,5,407695,3398420,505,0,13,-90.5,519,-115.0,-120.0,166.20770138594662,-4,-106.21887523513132,-14,6,0,4.8147701481224825
2218,2596301,407810.0,3398540.0,10,330,3,3,2585.0,9.2,509,6,5,407730,3398455,507,0,5,-89.0,519,-80.0,-85.0,116.72617529928752,-2,-106.7357045889284,-12,6,0,5.869655242120145
2219,2596301,407810.0,3398540.0,10,330,3,3,2585.0,9.2,509,6,5,407900,3398625,510,0,6,-86.5,519,90.0,85.0,123.79418403139947,1,-283.3634229583833,-9,6,0,4.1581628624022064
2220,2596301,407810.0,3398540.0,10,330,3,3,2585.0,9.2,509,6,5,407860,3398585,509,0,6,-82.0,519,50.0,45.0,67.26812023536856,0,-281.98721249581666,-10,6,0,8.455598371470435
2221,2596301,407810.0,3398540.0,10,330,3,3,2585.0,9.2,509,6,5,407790,3398515,508,0,13,-90.0,519,-20.0,-25.0,32.01562118716424,-1,-111.34019174590992,-11,6,0,18.961813037622072
2222,2596301,407810.0,3398540.0,10,330,3,3,2585.0,9.2,509,6,5,407930,3398655,508,0,6,-100.67,519,120.0,115.0,166.20770138594662,-1,-283.7811247648687,-11,6,0,3.786441849155542
2223,2596301,407810.0,3398540.0,10,330,3,3,2585.0,9.2,509,6,5,407925,3398650,508,0,6,-99.14,519,115.0,110.0,159.13830462839547,-1,-283.7269699799433,-11,6,0,3.954124581280041
2224,2596301,407810.0,3398540.0,10,330,3,3,2585.0,9.2,509,6,5,408025,3398580,507,6,13,-95.5,519,215.0,40.0,218.68927728629038,-2,-250.53918372862825,-12,6,0,3.1408057196533754
2225,2596301,407810.0,3398540.0,10,330,3,3,2585.0,9.2,509,6,5,408085,3398680,506,0,13,-92.83,519,275.0,140.0,308.58548248418947,-3,-266.98023071822286,-13,6,0,2.412313631249075
2226,2596301,407810.0,3398540.0,10,330,3,3,2585.0,9.2,509,6,5,408045,3398640,505,0,13,-97.43,519,235.0,100.0,255.3918557824427,-4,-263.051300916473,-14,6,0,3.1376837882197424
2227,2596301,407810.0,3398540.0,10,330,3,3,2585.0,9.2,509,6,5,408040,3398635,505,0,13,-96.4,519,230.0,95.0,248.84734276258607,-4,-262.4427533652944,-14,6,0,3.2200312742819754
2228,2596301,407810.0,3398540.0,10,330,3,3,2585.0,9.2,509,6,5,408005,3398600,507,0,13,-92.75,519,195.0,60.0,204.02205763103166,-2,-257.10272896905235,-12,6,0,3.366097539004555
2229,2596301,407810.0,3398540.0,10,330,3,3,2585.0,9.2,509,6,5,408120,3398715,507,0,5,-97.33,519,310.0,175.0,355.9845502265513,-2,-269.4454287299256,-12,6,0,1.9306711654911586
2230,2596301,407810.0,3398540.0,10,330,3,3,2585.0,9.2,509,6,5,408125,3398720,507,0,5,-92.5,519,315.0,180.0,362.80159867343474,-2,-269.7448812969422,-12,6,0,1.894420506620302
2231,2596301,407810.0,3398540.0,10,330,3,3,2585.0,9.2,509,6,5,408000,3398595,507,0,13,-94.11,519,190.0,55.0,197.80040444852483,-2,-256.1443387802835,-12,6,0,3.471720408716311
2232,2596301,407810.0,3398540.0,10,330,3,3,2585.0,9.2,509,6,5,408015,3398590,507,96,13,-90.8,519,205.0,50.0,211.00947846009194,-2,-253.7069610040798,-12,6,0,3.2548754885340996
2233,2596301,407810.0,3398540.0,10,330,3,3,2585.0,9.2,509,6,5,408060,3398615,505,0,5,-101.0,519,250.0,75.0,261.00766272276377,-4,-256.6992442339936,-14,6,0,3.0703043724373305
2234,2596301,407810.0,3398540.0,10,330,3,3,2585.0,9.2,509,6,5,408135,3398710,507,18,13,-102.33,519,325.0,170.0,366.7764987018661,-2,-267.61302782308445,-12,6,0,1.8739046499923997
2235,2596301,407810.0,3398540.0,10,330,3,3,2585.0,9.2,509,6,5,408095,3398670,506,0,13,-106.5,519,285.0,130.0,313.2491021535417,-3,-264.51964268819074,-13,6,0,2.3764408454598556
2236,2596301,407810.0,3398540.0,10,330,3,3,2585.0,9.2,509,6,5,408080,3398675,506,0,5,-92.57,519,270.0,135.0,301.8691769624716,-3,-266.565051177078,-13,6,0,2.4659198092413557
2237,2596301,407810.0,3398540.0,10,330,3,3,2585.0,9.2,509,6,5,407730,3398690,507,5,15,-91.0,519,-80.0,150.0,170.0,-2,1.9275130641470355,-12,6,0,4.037710620977124
2238,2596301,407810.0,3398540.0,10,330,3,3,2585.0,9.2,509,6,5,407915,3398545,509,0,10,-95.2,519,105.0,5.0,105.11898020814318,0,-242.72631099390628,-10,6,0,5.434211206692449
2239,2596301,407810.0,3398540.0,10,330,3,3,2585.0,9.2,509,6,5,407980,3398480,509,0,13,-87.5,519,170.0,-60.0,180.27756377319946,0,-220.55996517182382,-10,6,0,3.17494432830295
2240,2596301,407810.0,3398540.0,10,330,3,3,2585.0,9.2,509,6,5,407820,3398640,507,5,15,-96.67,519,10.0,100.0,100.4987562112089,-2,-324.28940686250036,-12,6,0,6.809133658307788
2241,2596301,407810.0,3398540.0,10,330,3,3,2585.0,9.2,509,6,5,407825,3398635,507,5,6,-87.0,519,15.0,95.0,96.17692030835673,-2,-321.0273733851036,-12,6,0,7.1120440075674995
2242,2596301,407810.0,3398540.0,10,330,3,3,2585.0,9.2,509,6,5,407880,3398540,509,0,5,-86.07,519,70.0,0.0,70.0,0,-240.0,-10,6,0,8.13010235415598
2243,2596301,407810.0,3398540.0,10,330,3,3,2585.0,9.2,509,6,5,407745,3398715,506,0,5,-86.5,519,-65.0,175.0,186.6815470259447,-3,9.623564786163627,-13,6,0,3.9834929087348847
2244,2596301,407810.0,3398540.0,10,330,3,3,2585.0,9.2,509,6,5,407995,3398465,510,0,13,-95.5,519,185.0,-75.0,199.6246477767713,1,-217.93210043758978,-9,6,0,2.581409985154567
2245,2596301,407810.0,3398540.0,10,330,3,3,2585.0,9.2,509,6,5,407735,3398685,507,5,15,-88.0,519,-75.0,145.0,163.24827717314508,-2,2.6501242199301487,-12,6,0,4.2041178173603
2246,2596301,407810.0,3398540.0,10,330,3,3,2585.0,9.2,509,6,5,407830,3398630,508,0,5,-76.4,519,20.0,90.0,92.19544457292888,-1,-317.4711922908485,-11,6,0,6.803896320851287
2247,2596301,407810.0,3398540.0,10,330,3,3,2585.0,9.2,509,6,5,407755,3398705,506,0,15,-88.86,519,-55.0,165.0,173.92527130926086,-3,11.565051177077976,-13,6,0,4.274609806342519
2248,2596301,407810.0,3398540.0,10,330,3,3,2585.0,9.2,509,6,5,407900,3398560,509,0,5,-89.19,519,90.0,20.0,92.19544457292888,0,-252.52880770915152,-10,6,0,6.190399458571856
2249,2596301,407810.0,3398540.0,10,330,3,3,2585.0,9.2,509,6,5,407805,3398615,507,0,5,-76.77,519,-5.0,75.0,75.16648189186454,-2,26.185925165709648,-12,6,0,9.07047846245621
2250,2596301,407810.0,3398540.0,10,330,3,3,2585.0,9.2,509,6,5,408195,3398825,508,0,7,-100.5,519,385.0,285.0,479.0093944798995,-1,-276.51105611949527,-11,6,0,1.3155124498420037
2251,2596301,407810.0,3398540.0,10,330,3,3,2585.0,9.2,509,6,5,408210,3398850,508,0,5,-109.5,519,400.0,310.0,506.06323715519983,-1,-277.77568430595466,-11,6,0,1.2452086962972266
2252,2596301,407810.0,3398540.0,10,330,3,3,2585.0,9.2,509,6,5,408170,3398810,508,0,7,-99.33,519,360.0,270.0,450.0,-1,-276.86989764584405,-11,6,0,1.400284639205647
2253,2596301,407810.0,3398540.0,10,330,3,3,2585.0,9.2,509,6,5,407885,3398535,509,0,13,-81.67,519,75.0,-5.0,75.16648189186454,0,-236.18592516570965,-10,6,0,7.578018126690046
2254,2596301,407810.0,3398540.0,10,330,3,3,2585.0,9.2,509,6,5,407740,3398720,506,0,5,-84.0,519,-70.0,180.0,193.13207915827965,-3,8.749494492866745,-13,6,0,3.8508530672425696
2255,2596301,407810.0,3398540.0,10,330,3,3,2585.0,9.2,509,6,5,407750,3398710,506,0,15,-87.0,519,-60.0,170.0,180.27756377319946,-3,10.55996517182382,-13,6,0,4.124518139862883
2256,2596301,407810.0,3398540.0,10,330,3,3,2585.0,9.2,509,6,5,407860,3398520,508,0,5,-84.53,519,50.0,-20.0,53.85164807134504,-1,-218.19859051364818,-11,6,0,11.544699346907535
2257,2596301,407810.0,3398540.0,10,330,3,3,2585.0,9.2,509,6,5,407845,3398495,507,5,13,-93.13,519,35.0,-45.0,57.0087712549569,-2,-187.8749836510982,-12,6,0,11.886880915494428
2258,2596301,407810.0,3398540.0,10,330,3,3,2585.0,9.2,509,6,5,407795,3398585,508,5,5,-82.0,519,-15.0,45.0,47.43416490252569,-1,11.565051177077976,-11,6,0,13.056133692319438
2259,2596301,407810.0,3398540.0,10,330,3,3,2585.0,9.2,509,6,5,407810,3398610,507,0,15,-78.44,519,0.0,70.0,70.0,-2,-330.0,-12,6,0,9.727578551401603
2260,2596301,407810.0,3398540.0,10,330,3,3,2585.0,9.2,509,6,5,407870,3398510,508,0,6,-87.48,519,60.0,-30.0,67.08203932499369,-1,-213.43494882292202,-11,6,0,9.3123891749793
2261,2596301,407810.0,3398540.0,10,330,3,3,2585.0,9.2,509,6,5,407835,3398625,508,0,5,-70.29,519,25.0,85.0,88.60022573334675,-1,-313.6104596659652,-11,6,0,7.077238762037613
2262,2596301,407810.0,3398540.0,10,330,3,3,2585.0,9.2,509,6,5,407800,3398620,507,0,6,-77.67,519,-10.0,80.0,80.62257748298549,-2,22.874983651098205,-12,6,0,8.465848238967707
2263,2596301,407810.0,3398540.0,10,330,3,3,2585.0,9.2,509,6,5,407865,3398515,508,0,5,-85.72,519,55.0,-25.0,60.41522986797286,-1,-215.55604521958344,-11,6,0,10.31899502806499
2264,2596301,407810.0,3398540.0,10,330,3,3,2585.0,9.2,509,6,5,407905,3398555,509,0,10,-88.13,519,95.0,15.0,96.17692030835673,0,-248.9726266148964,-10,6,0,5.936001804797608
2265,2596301,407810.0,3398540.0,10,330,3,3,2585.0,9.2,509,6,5,407890,3398530,509,0,13,-86.25,519,80.0,-10.0,80.62257748298549,0,-232.8749836510982,-10,6,0,7.070555116965825
2266,2596301,407810.0,3398540.0,10,330,3,3,2585.0,9.2,509,6,5,407850,3398490,507,5,13,-90.88,519,40.0,-50.0,64.03124237432849,-2,-188.65980825409008,-12,6,0,10.614591467407537
2267,2596301,407810.0,3398540.0,10,330,3,3,2585.0,9.2,509,6,5,407760,3398580,509,0,15,-76.33,519,-50.0,40.0,64.03124237432849,0,-21.34019174590992,-10,6,0,8.876395080973342
2268,2596301,407810.0,3398540.0,10,330,3,3,2585.0,9.2,509,6,5,407855,3398485,507,0,13,-94.52,519,45.0,-55.0,71.06335201775947,-2,-189.2894068625003,-12,6,0,9.584740842280027
2269,2596301,407810.0,3398540.0,10,330,3,3,2585.0,9.2,509,6,5,407875,3398505,508,0,6,-87.56,519,65.0,-35.0,73.824115301167,-1,-211.69924423399362,-11,6,0,8.474879443436455
2270,2596301,407810.0,3398540.0,10,330,3,3,2585.0,9.2,509,6,5,407790,3398590,508,5,15,-80.33,519,-20.0,50.0,53.85164807134504,-1,8.198590513648185,-11,6,0,11.544699346907535
2271,2596301,407810.0,3398540.0,10,330,3,3,2585.0,9.2,509,6,5,407815,3398605,508,0,15,-75.2,519,5.0,65.0,65.19202405202648,-1,-325.6012946450045,-11,6,0,9.57743672409178
2272,2596301,407810.0,3398540.0,10,330,3,3,2585.0,9.2,509,6,5,407895,3398525,508,0,13,-90.0,519,85.0,-15.0,86.31338250816034,-1,-229.99202019855863,-11,6,0,7.262771024847368
2273,2596301,407810.0,3398540.0,10,330,3,3,2585.0,9.2,509,6,5,407840,3398500,507,0,13,-79.0,519,30.0,-40.0,50.0,-2,-186.86989764584405,-12,6,0,13.495733280795811
2274,2596301,407810.0,3398540.0,10,330,3,3,2585.0,9.2,509,6,5,407780,3398600,508,0,5,-82.86,519,-30.0,60.0,67.08203932499369,-1,3.434948822922024,-11,6,0,9.3123891749793
2275,2596301,407810.0,3398540.0,10,330,3,3,2585.0,9.2,509,6,5,407765,3398575,509,5,15,-79.5,519,-45.0,35.0,57.0087712549569,0,-22.125016348901795,-10,6,0,9.949126297159781
2276,2596301,407810.0,3398540.0,10,330,3,3,2585.0,9.2,509,6,5,407910,3398550,509,0,5,-87.67,519,100.0,10.0,100.4987562112089,0,-245.71059313749964,-10,6,0,5.6824384835168384
2277,2596301,407810.0,3398540.0,10,330,3,3,2585.0,9.2,509,6,5,407785,3398595,508,0,15,-76.73,519,-25.0,55.0,60.41522986797286,-1,5.556045219583439,-11,6,0,10.31899502806499
2278,2596301,407810.0,3398540.0,10,330,3,3,2585.0,9.2,509,6,5,407805,3398675,506,5,5,-87.5,519,-5.0,135.0,135.09256086106296,-3,27.87890360333853,-13,6,0,5.496665862787237
2279,2596301,407810.0,3398540.0,10,330,3,3,2585.0,9.2,509,6,5,407795,3398685,506,5,5,-81.33,519,-15.0,145.0,145.7737973711325,-3,24.093858886229498,-13,6,0,5.096114296326428
2280,2596301,407810.0,3398540.0,10,330,3,3,2585.0,9.2,509,6,5,407960,3398520,509,0,5,-95.0,519,150.0,-20.0,151.32745950421557,0,-232.40535663140855,-10,6,0,3.78071485282813
2281,2596301,407810.0,3398540.0,10,330,3,3,2585.0,9.2,509,6,5,407830,3398650,507,5,6,-89.75,519,20.0,110.0,111.80339887498948,-2,-319.695153531234,-12,6,0,6.126175694914323
2282,2596301,407810.0,3398540.0,10,330,3,3,2585.0,9.2,509,6,5,407975,3398505,509,0,5,-96.67,519,165.0,-35.0,168.67127793433,0,-228.02386755579664,-10,6,0,3.3929185250000287
2283,2596301,407810.0,3398540.0,10,330,3,3,2585.0,9.2,509,6,5,407990,3398490,510,0,13,-111.0,519,180.0,-50.0,186.81541692269406,1,-224.47588900324575,-9,6,0,2.7581429974834824
2284,2596301,407810.0,3398540.0,10,330,3,3,2585.0,9.2,509,6,5,407995,3398485,509,96,5,-97.0,519,185.0,-55.0,193.00259065618783,0,-223.44292862436333,-10,6,0,2.9660011481791297
2285,2596301,407810.0,3398540.0,10,330,3,3,2585.0,9.2,509,6,5,407950,3398530,509,0,5,-92.29,519,140.0,-10.0,140.356688476182,0,-235.91438322002512,-10,6,0,4.0752690281321
2286,2596301,407810.0,3398540.0,10,330,3,3,2585.0,9.2,509,6,5,407980,3398500,509,0,13,-95.17,519,170.0,-40.0,174.64249196572982,0,-226.75948008481282,-10,6,0,3.2771683126184037
2287,2596301,407810.0,3398540.0,10,330,3,3,2585.0,9.2,509,6,5,407775,3398705,506,5,15,-84.88,519,-35.0,165.0,168.67127793433,-3,18.02386755579664,-13,6,0,4.40724421323119
2288,2596301,407810.0,3398540.0,10,330,3,3,2585.0,9.2,509,6,5,407800,3398680,506,5,5,-82.5,519,-10.0,140.0,140.356688476182,-3,25.914383220025115,-13,6,0,5.291704362574233
2289,2596301,407810.0,3398540.0,10,330,3,3,2585.0,9.2,509,6,5,407790,3398690,506,0,5,-78.0,519,-20.0,150.0,151.32745950421557,-3,22.40535663140855,-13,6,0,4.910020359503318
2290,2596301,407810.0,3398540.0,10,330,3,3,2585.0,9.2,509,6,5,407780,3398700,506,5,5,-85.19,519,-30.0,160.0,162.78820596099706,-3,19.38034472384487,-13,6,0,4.565857698445246
2291,2596301,407810.0,3398540.0,10,330,3,3,2585.0,9.2,509,6,5,407720,3398600,509,0,15,-83.67,519,-90.0,60.0,108.16653826391968,0,-26.30993247402023,-10,6,0,5.281982452343407
2292,2596301,407810.0,3398540.0,10,330,3,3,2585.0,9.2,509,6,5,407875,3398445,506,0,6,-101.4,519,65.0,-95.0,115.10864433221339,-3,-184.38034472384487,-13,6,0,6.443498584238016
2293,2596301,407810.0,3398540.0,10,330,3,3,2585.0,9.2,509,6,5,407715,3398605,508,0,5,-94.0,519,-95.0,65.0,115.10864433221339,-1,-25.61965527615513,-11,6,0,5.458716975095287
2294,2596301,407810.0,3398540.0,10,330,3,3,2585.0,9.2,509,6,5,407710,3398610,508,0,5,-82.67,519,-100.0,70.0,122.06555615733703,-1,-25.007979801441365,-11,6,0,5.14932962011847
2295,2596301,407810.0,3398540.0,10,330,3,3,2585.0,9.2,509,6,5,407725,3398595,509,0,15,-83.67,519,-85.0,55.0,101.24228365658294,0,-27.094757077012105,-10,6,0,5.640976563115981
2296,2596301,407810.0,3398540.0,10,330,3,3,2585.0,9.2,509,6,5,407745,3398575,509,0,5,-81.43,519,-65.0,35.0,73.824115301167,0,-31.699244233993625,-10,6,0,7.714166909160776
2297,2596301,407810.0,3398540.0,10,330,3,3,2585.0,9.2,509,6,5,407935,3398545,509,0,10,-90.09,519,125.0,5.0,125.09996003196804,0,-242.2906100426385,-10,6,0,4.570281997144873
2298,2596301,407810.0,3398540.0,10,330,3,3,2585.0,9.2,509,6,5,407855,3398465,506,0,13,-99.75,519,45.0,-75.0,87.46427842267951,-3,-180.9637565320735,-13,6,0,8.45410040472251
2299,2596301,407810.0,3398540.0,10,330,3,3,2585.0,9.2,509,6,5,407915,3398405,505,0,13,-95.5,519,105.0,-135.0,171.0263137648707,-4,-187.8749836510982,-14,6,0,4.67972669324508
2300,2596301,407810.0,3398540.0,10,330,3,3,2585.0,9.2,509,6,5,408175,3398785,508,0,5,-94.71,519,365.0,245.0,439.6020928066653,-1,-273.8708107103888,-11,6,0,1.4333919099017278
2301,2596301,407810.0,3398540.0,10,330,3,3,2585.0,9.2,509,6,5,408165,3398795,508,0,5,-98.5,519,355.0,255.0,437.0926675202868,-1,-275.690059825014,-11,6,0,1.4416178001622262
2302,2596301,407810.0,3398540.0,10,330,3,3,2585.0,9.2,509,6,5,407810,3398670,507,5,5,-86.46,519,0.0,130.0,130.0,-2,-330.0,-12,6,0,5.2738959573517645
2303,2596301,407810.0,3398540.0,10,330,3,3,2585.0,9.2,509,6,5,407765,3398715,506,5,15,-82.79,519,-45.0,175.0,180.6931099959265,-3,15.579226872489016,-13,6,0,4.115065464711934
2304,2596301,407810.0,3398540.0,10,330,3,3,2585.0,9.2,509,6,5,407770,3398710,506,5,15,-85.5,519,-40.0,170.0,174.64249196572982,-3,16.75948008481282,-13,6,0,4.257119536643397
2305,2596301,407810.0,3398540.0,10,330,3,3,2585.0,9.2,509,6,5,407785,3398695,506,0,5,-85.67,519,-25.0,155.0,157.00318468107582,-3,20.83765295427827,-13,6,0,4.733342752913574
2306,2596301,407810.0,3398540.0,10,330,3,3,2585.0,9.2,509,6,5,408170,3398790,508,0,13,-96.14,519,360.0,250.0,438.2921400162225,-1,-274.7778313663639,-11,6,0,1.437674188068277
2307,2596301,407810.0,3398540.0,10,330,3,3,2585.0,9.2,509,6,5,407945,3398535,509,0,10,-94.25,519,135.0,-5.0,135.09256086106296,0,-237.87890360333853,-10,6,0,4.233502721119429
2308,2596301,407810.0,3398540.0,10,330,3,3,2585.0,9.2,509,6,5,407760,3398720,506,0,5,-86.85,519,-50.0,180.0,186.81541692269406,-3,14.475889003245754,-13,6,0,3.9806475609848375
2309,2596301,407810.0,3398540.0,10,330,3,3,2585.0,9.2,509,6,5,407815,3398665,507,0,5,-94.01,519,5.0,125.0,125.09996003196804,-2,-327.70938995736145,-12,6,0,5.479235505007095
2310,2596301,407810.0,3398540.0,10,330,3,3,2585.0,9.2,509,6,5,407820,3398660,507,5,5,-93.15,519,10.0,120.0,120.41594578792295,-2,-325.23635830927384,-12,6,0,5.69099707460626
2311,2596301,407810.0,3398540.0,10,330,3,3,2585.0,9.2,509,6,5,407870,3398450,506,0,5,-95.17,519,60.0,-90.0,108.16653826391968,-3,-183.69006752597977,-13,6,0,6.85322483512129
2312,2596301,407810.0,3398540.0,10,330,3,3,2585.0,9.2,509,6,5,407920,3398560,509,0,5,-89.82,519,110.0,20.0,111.80339887498948,0,-250.30484646876602,-10,6,0,5.111089695288715
2313,2596301,407810.0,3398540.0,10,330,3,3,2585.0,9.2,509,6,5,407750,3398570,510,0,15,-83.67,519,-60.0,30.0,67.08203932499369,1,-33.434948822922024,-9,6,0,7.641405059952685
2314,2596301,407810.0,3398540.0,10,330,3,3,2585.0,9.2,509,6,5,407865,3398455,506,0,5,-96.5,519,55.0,-85.0,101.24228365658294,-3,-182.9052429229879,-13,6,0,7.317017282669025
2315,2596301,407810.0,3398540.0,10,330,3,3,2585.0,9.2,509,6,5,407925,3398555,509,0,5,-87.25,519,115.0,15.0,115.97413504743201,0,-247.43140797117252,-10,6,0,4.92820339755372
2316,2596301,407810.0,3398540.0,10,330,3,3,2585.0,9.2,509,6,5,407940,3398540,509,0,10,-92.6,519,130.0,0.0,130.0,0,-240.0,-10,6,0,4.398705354995532
2317,2596301,407810.0,3398540.0,10,330,3,3,2585.0,9.2,509,6,5,407845,3398475,506,0,13,-95.88,519,35.0,-65.0,73.824115301167,-3,-178.30075576600638,-13,6,0,9.987065414092736
2318,2596301,407810.0,3398540.0,10,330,3,3,2585.0,9.2,509,6,5,407730,3398590,509,0,15,-81.75,519,-80.0,50.0,94.33981132056604,0,-27.994616791916485,-10,6,0,6.050746015911744
2319,2596301,407810.0,3398540.0,10,330,3,3,2585.0,9.2,509,6,5,408180,3398780,508,0,5,-101.67,519,370.0,240.0,441.02154142399894,-1,-272.96940390346214,-11,6,0,1.428780385906931
2320,2596301,407810.0,3398540.0,10,330,3,3,2585.0,9.2,509,6,5,407955,3398525,509,0,5,-94.0,519,145.0,-15.0,145.7737973711325,0,-234.0938588862295,-10,6,0,3.9243099740178784
2321,2596301,407810.0,3398540.0,10,330,3,3,2585.0,9.2,509,6,5,407840,3398480,506,0,13,-94.29,519,30.0,-60.0,67.08203932499369,-3,-176.56505117707798,-13,6,0,10.967546839803449
2322,2596301,407810.0,3398540.0,10,330,3,3,2585.0,9.2,509,6,5,407880,3398440,506,0,6,-95.5,519,70.0,-100.0,122.06555615733703,-3,-184.99202019855863,-13,6,0,6.079094598355478
2323,2596301,407810.0,3398540.0,10,330,3,3,2585.0,9.2,509,6,5,407850,3398470,506,0,13,-93.5,519,40.0,-70.0,80.62257748298549,-3,-179.74488129694225,-13,6,0,9.159824730595336
2324,2596301,407810.0,3398540.0,10,330,3,3,2585.0,9.2,509,6,5,407825,3398655,507,5,6,-89.67,519,15.0,115.0,115.97413504743201,-2,-322.5685920288275,-12,6,0,5.907449007560881
2325,2596301,407810.0,3398540.0,10,330,3,3,2585.0,9.2,509,6,5,407965,3398515,509,0,5,-96.33,519,155.0,-25.0,157.00318468107582,0,-230.83765295427827,-10,6,0,3.644415786520614
2326,2596301,407810.0,3398540.0,10,330,3,3,2585.0,9.2,509,6,5,407740,3398580,509,5,6,-78.25,519,-70.0,40.0,80.62257748298549,0,-30.255118703057803,-10,6,0,7.070555116965825
2327,2596301,407810.0,3398540.0,10,330,3,3,2585.0,9.2,509,6,5,407970,3398510,509,0,6,-90.58,519,160.0,-30.0,162.78820596099706,0,-229.38034472384487,-10,6,0,3.515234519082136
2328,2596301,407810.0,3398540.0,10,330,3,3,2585.0,9.2,509,6,5,407930,3398550,509,0,10,-94.0,519,120.0,10.0,120.41594578792295,0,-244.76364169072616,-10,6,0,4.7472622548526
2329,2596301,407810.0,3398540.0,10,330,3,3,2585.0,9.2,509,6,5,407985,3398495,509,0,13,-101.0,519,175.0,-45.0,180.6931099959265,0,-225.57922687248902,-10,6,0,3.167657684832745
2330,2596301,407810.0,3398540.0,10,330,3,3,2585.0,9.2,509,6,5,408075,3398675,506,0,6,-88.4,519,265.0,135.0,297.40544715926103,-3,-266.9958383940866,-13,6,0,2.5028838442218024
2331,2596301,407810.0,3398540.0,10,330,3,3,2585.0,9.2,509,6,5,408065,3398665,505,0,6,-90.65,519,255.0,125.0,283.98943642325855,-4,-266.1139126302907,-14,6,0,2.822260106019666
2332,2596301,407810.0,3398540.0,10,330,3,3,2585.0,9.2,509,6,5,408040,3398650,506,0,10,-92.38,519,230.0,110.0,254.95097567963924,-3,-265.5599651718238,-13,6,0,2.918994933834714
2333,2596301,407810.0,3398540.0,10,330,3,3,2585.0,9.2,509,6,5,408050,3398660,506,0,5,-95.09,519,240.0,120.0,268.32815729997475,-3,-266.565051177078,-13,6,0,2.773705108600544
2334,2596301,407810.0,3398540.0,10,330,3,3,2585.0,9.2,509,6,5,408005,3398685,506,9,6,-99.71,519,195.0,145.0,243.00205760445732,-3,-276.6341138759674,-13,6,0,3.0622612050304547
2335,2596301,407810.0,3398540.0,10,330,3,3,2585.0,9.2,509,6,5,408045,3398645,505,0,13,-93.08,519,235.0,105.0,257.390753524675,-4,-264.07549825507886,-14,6,0,3.1133646462249596
2336,2596301,407810.0,3398540.0,10,330,3,3,2585.0,9.2,509,6,5,408015,3398695,506,9,6,-99.33,519,205.0,155.0,257.00194551792794,-3,-277.09283729704157,-13,6,0,2.8957400897096055
2337,2596301,407810.0,3398540.0,10,330,3,3,2585.0,9.2,509,6,5,408060,3398670,506,0,5,-94.08,519,250.0,130.0,281.7800560721074,-3,-267.4744316262771,-13,6,0,2.64148342984208
2338,2596301,407810.0,3398540.0,10,330,3,3,2585.0,9.2,509,6,5,408055,3398655,505,0,5,-94.09,519,245.0,115.0,270.64737205448716,-4,-265.14478563067894,-14,6,0,2.9611468454004606
2339,2596301,407810.0,3398540.0,10,330,3,3,2585.0,9.2,509,6,5,408070,3398680,506,0,6,-90.64,519,260.0,140.0,295.296461204668,-3,-268.3007557660064,-13,6,0,2.520736283895602
2340,2596301,407810.0,3398540.0,10,330,3,3,2585.0,9.2,509,6,5,408025,3398705,506,0,6,-99.5,519,215.0,165.0,271.01660465735307,-3,-277.5041423602701,-13,6,0,2.746232668348051
2341,2596301,407810.0,3398540.0,10,330,3,3,2585.0,9.2,509,6,5,407650,3399060,506,0,5,-115.5,519,-160.0,520.0,544.0588203494177,-3,12.89727103094765,-13,6,0,1.3687921212201548
2342,2596301,407810.0,3398540.0,10,330,3,3,2585.0,9.2,509,6,5,407685,3399080,507,0,5,-105.67,519,-125.0,540.0,554.2788107081128,-2,16.966643674086185,-12,6,0,1.2402457936893552
2343,2596301,407810.0,3398540.0,10,330,3,3,2585.0,9.2,509,6,5,407770,3398735,506,0,6,-100.25,519,-40.0,195.0,199.06029237394384,-3,18.407824589708923,-13,6,0,3.7365006790147612
2344,2596301,407810.0,3398540.0,10,330,3,3,2585.0,9.2,509,6,5,407775,3398740,506,5,5,-98.43,519,-35.0,200.0,203.03940504246953,-3,20.073754493348304,-13,6,0,3.663475127905589
2345,2596301,407810.0,3398540.0,10,330,3,3,2585.0,9.2,509,6,5,407760,3398725,506,0,5,-88.5,519,-50.0,185.0,191.637678967368,-3,14.875992691689419,-13,6,0,3.880790806107718
2346,2596301,407810.0,3398540.0,10,330,3,3,2585.0,9.2,509,6,5,407780,3398745,506,5,5,-107.5,519,-30.0,205.0,207.18349355100662,-3,21.67434966957319,-13,6,0,3.5903918490546443
2347,2596301,407810.0,3398540.0,10,330,3,3,2585.0,9.2,509,6,5,408115,3398720,507,0,5,-91.38,519,305.0,180.0,354.1539213392956,-2,-270.547571748907,-12,6,0,1.9406432331325754
2348,2596301,407810.0,3398540.0,10,330,3,3,2585.0,9.2,509,6,5,407910,3398755,508,6,15,-104.0,519,100.0,215.0,237.11811402758752,-1,-305.0560947365754,-11,6,0,2.6560688710991447
2349,2596301,407810.0,3398540.0,10,330,3,3,2585.0,9.2,509,6,5,408080,3398685,506,0,5,-94.73,519,270.0,145.0,306.4718584144391,-3,-268.23744553816726,-13,6,0,2.428930616768346
2350,2596301,407810.0,3398540.0,10,330,3,3,2585.0,9.2,509,6,5,408010,3398615,506,0,13,-95.11,519,200.0,75.0,213.60009363293827,-3,-260.55604521958344,-13,6,0,3.482805165842666
2351,2596301,407810.0,3398540.0,10,330,3,3,2585.0,9.2,509,6,5,408000,3398605,507,0,13,-91.88,519,190.0,65.0,200.81085628023203,-2,-258.8860873697093,-12,6,0,3.419798641808639
2352,2596301,407810.0,3398540.0,10,330,3,3,2585.0,9.2,509,6,5,408105,3398710,507,0,5,-91.0,519,295.0,170.0,340.4776057246644,-2,-269.9536081678015,-12,6,0,2.0185318133925114
2353,2596301,407810.0,3398540.0,10,330,3,3,2585.0,9.2,509,6,5,408100,3398705,506,0,5,-89.5,519,290.0,165.0,333.65401241405743,-3,-269.63838368815135,-13,6,0,2.2312591426390247
2354,2596301,407810.0,3398540.0,10,330,3,3,2585.0,9.2,509,6,5,408095,3398700,506,0,13,-94.33,519,285.0,160.0,326.84093990808435,-3,-269.31000707091613,-13,6,0,2.27772175055078
2355,2596301,407810.0,3398540.0,10,330,3,3,2585.0,9.2,509,6,5,408085,3398690,506,0,13,-93.5,519,275.0,150.0,313.2491021535417,-3,-268.6104596659652,-13,6,0,2.3764408454598556
2356,2596301,407810.0,3398540.0,10,330,3,3,2585.0,9.2,509,6,5,408090,3398695,506,0,13,-91.17,519,280.0,155.0,320.0390601161052,-3,-268.967660646064,-13,6,0,2.3260781877416234
2357,2596301,407810.0,3398540.0,10,330,3,3,2585.0,9.2,509,6,5,408025,3398630,506,0,13,-97.0,519,215.0,90.0,233.0772404161333,-3,-262.71441235316723,-13,6,0,3.192393172409088
2358,2596301,407810.0,3398540.0,10,330,3,3,2585.0,9.2,509,6,5,408020,3398625,506,0,13,-92.0,519,210.0,85.0,226.55021518418383,-3,-262.0362269401454,-13,6,0,3.2841691045010797
2359,2596301,407810.0,3398540.0,10,330,3,3,2585.0,9.2,509,6,5,408035,3398640,506,0,13,-87.5,519,225.0,100.0,246.22144504490262,-3,-263.96248897457815,-13,6,0,3.02229633811497
2360,2596301,407810.0,3398540.0,10,330,3,3,2585.0,9.2,509,6,5,408110,3398715,507,0,5,-94.0,519,300.0,175.0,347.3110997362451,-2,-270.25643716352926,-12,6,0,1.9788482306227269
2361,2596301,407810.0,3398540.0,10,330,3,3,2585.0,9.2,509,6,5,408005,3398610,506,0,13,-85.6,519,195.0,70.0,207.18349355100662,-3,-259.7468366054261,-13,6,0,3.5903918490546443
2362,2596301,407810.0,3398540.0,10,330,3,3,2585.0,9.2,509,6,5,408015,3398620,506,0,13,-89.67,519,205.0,80.0,220.05681084665386,-3,-261.31791227546154,-13,6,0,3.3808563078591605
2363,2596301,407810.0,3398540.0,10,330,3,3,2585.0,9.2,509,6,5,408045,3398570,507,6,13,-88.0,519,235.0,30.0,236.90715480964266,-2,-247.27500495788922,-12,6,0,2.8997108287987947
2364,2596301,407810.0,3398540.0,10,330,3,3,2585.0,9.2,509,6,5,406900,3399285,508,0,2,-95.75,519,-910.0,745.0,1176.0633486339075,-1,-20.69345410734587,-11,6,0,0.53588541595539
2365,2596301,407810.0,3398540.0,10,330,3,3,2585.0,9.2,509,6,5,407670,3398415,505,0,13,-103.5,519,-140.0,-125.0,187.6832437912346,-4,-101.76029970389789,-14,6,0,4.266007336710473
2366,2596301,407810.0,3398540.0,10,330,3,3,2585.0,9.2,509,6,5,407785,3398565,509,5,6,-90.5,519,-25.0,25.0,35.35533905932738,0,-15.0,-10,6,0,15.793169048263962
2367,2596301,407810.0,3398540.0,10,330,3,3,2585.0,9.2,509,6,5,407925,3398425,506,0,13,-99.5,519,115.0,-115.0,162.63455967290594,-3,-195.0,-13,6,0,4.570152952178776
2368,2596301,407810.0,3398540.0,10,330,3,3,2585.0,9.2,509,6,5,407730,3398720,506,5,15,-83.4,519,-80.0,180.0,196.9771560359221,-3,6.037511025421793,-13,6,0,3.775902408522455
2369,2596301,407810.0,3398540.0,10,330,3,3,2585.0,9.2,509,6,5,407725,3398705,506,5,5,-86.5,519,-85.0,165.0,185.60711193270586,-3,2.744671625056924,-13,6,0,4.006477514109881
2370,2596301,407810.0,3398540.0,10,330,3,3,2585.0,9.2,509,6,5,407810,3398640,507,0,15,-85.75,519,0.0,100.0,100.0,-2,-330.0,-12,6,0,6.84277341263094
2371,2596301,407810.0,3398540.0,10,330,3,3,2585.0,9.2,509,6,5,407775,3398595,508,0,5,-87.0,519,-35.0,55.0,65.19202405202648,-1,-2.471192290848478,-11,6,0,9.57743672409178
2372,2596301,407810.0,3398540.0,10,330,3,3,2585.0,9.2,509,6,5,407900,3398530,509,0,10,-92.06,519,90.0,-10.0,90.55385138137417,0,-233.65980825409008,-10,6,0,6.3017263739971945
2373,2596301,407810.0,3398540.0,10,330,3,3,2585.0,9.2,509,6,5,407820,3398610,508,0,15,-76.93,519,10.0,70.0,70.71067811865476,-1,-321.86989764584405,-11,6,0,8.842258533397425
2374,2596301,407810.0,3398540.0,10,330,3,3,2585.0,9.2,509,6,5,407750,3398700,506,0,15,-87.24,519,-60.0,160.0,170.88007490635061,-3,9.443954780416561,-13,6,0,4.350496280267007
2375,2596301,407810.0,3398540.0,10,330,3,3,2585.0,9.2,509,6,5,407855,3398515,508,0,5,-83.24,519,45.0,-25.0,51.478150704935004,-1,-210.94539590092285,-11,6,0,12.06173005783295
2376,2596301,407810.0,3398540.0,10,330,3,3,2585.0,9.2,509,6,5,407970,3398480,509,0,13,-97.0,519,160.0,-60.0,170.88007490635061,0,-219.44395478041656,-10,6,0,3.3491621227194535
2377,2596301,407810.0,3398540.0,10,330,3,3,2585.0,9.2,509,6,5,407895,3398555,509,0,5,-88.26,519,85.0,15.0,86.31338250816034,0,-250.00797980144137,-10,6,0,6.608646994172775
2378,2596301,407810.0,3398540.0,10,330,3,3,2585.0,9.2,509,6,5,407915,3398535,509,0,10,-91.17,519,105.0,-5.0,105.11898020814318,0,-237.27368900609372,-10,6,0,5.434211206692449
2379,2596301,407810.0,3398540.0,10,330,3,3,2585.0,9.2,509,6,5,407870,3398500,507,0,6,-89.83,519,60.0,-40.0,72.11102550927978,-2,-206.30993247402023,-12,6,0,9.448016435202305
2380,2596301,407810.0,3398540.0,10,330,3,3,2585.0,9.2,509,6,5,408185,3398805,508,0,5,-105.5,519,375.0,265.0,459.1840589567543,-1,-275.24757505834623,-11,6,0,1.37228861309232
2381,2596301,407810.0,3398540.0,10,330,3,3,2585.0,9.2,509,6,5,407745,3398685,507,5,15,-85.36,519,-65.0,145.0,158.90248582070703,-2,5.854458039578333,-12,6,0,4.318666132333085
2382,2596301,407810.0,3398540.0,10,330,3,3,2585.0,9.2,509,6,5,407755,3398695,506,0,15,-86.55,519,-55.0,155.0,164.46884203398528,-3,10.463345061871621,-13,6,0,4.519395445504603
2383,2596301,407810.0,3398540.0,10,330,3,3,2585.0,9.2,509,6,5,407910,3398540,509,0,10,-92.57,519,100.0,0.0,100.0,0,-240.0,-10,6,0,5.710593137499642
2384,2596301,407810.0,3398540.0,10,330,3,3,2585.0,9.2,509,6,5,407825,3398605,508,0,5,-84.0,519,15.0,65.0,66.70832032063167,-1,-317.0053832080835,-11,6,0,9.363638360026622
2385,2596301,407810.0,3398540.0,10,330,3,3,2585.0,9.2,509,6,5,407865,3398485,507,0,5,-91.83,519,55.0,-55.0,77.78174593052023,-2,-195.0,-12,6,0,8.770322785991041
2386,2596301,407810.0,3398540.0,10,330,3,3,2585.0,9.2,509,6,5,407880,3398550,509,0,5,-86.22,519,70.0,10.0,70.71067811865476,0,-248.13010235415595,-10,6,0,8.049466975528397
2387,2596301,407810.0,3398540.0,10,330,3,3,2585.0,9.2,509,6,5,407875,3398495,507,0,6,-91.0,519,65.0,-45.0,79.05694150420949,-2,-205.30484646876602,-12,6,0,8.631004158755234
2388,2596301,407810.0,3398540.0,10,330,3,3,2585.0,9.2,509,6,5,407890,3398560,509,0,5,-86.88,519,80.0,20.0,82.46211251235322,0,-254.03624346792645,-10,6,0,6.914371772152122
2389,2596301,407810.0,3398540.0,10,330,3,3,2585.0,9.2,509,6,5,407805,3398625,507,0,6,-76.35,519,-5.0,85.0,85.14693182963201,-2,26.63353933657021,-12,6,0,8.02202473473309
2390,2596301,407810.0,3398540.0,10,330,3,3,2585.0,9.2,509,6,5,407850,3398520,508,0,6,-82.09,519,40.0,-20.0,44.721359549995796,-1,-213.43494882292202,-11,6,0,13.818582444029007
2391,2596301,407810.0,3398540.0,10,330,3,3,2585.0,9.2,509,6,5,407845,3398505,507,0,13,-88.67,519,35.0,-35.0,49.49747468305833,-2,-195.0,-12,6,0,13.62766417229335
2392,2596301,407810.0,3398540.0,10,330,3,3,2585.0,9.2,509,6,5,407860,3398490,507,0,13,-94.57,519,50.0,-50.0,70.71067811865476,-2,-195.0,-12,6,0,9.6316519614038
2393,2596301,407810.0,3398540.0,10,330,3,3,2585.0,9.2,509,6,5,407840,3398510,508,0,13,-84.21,519,30.0,-30.0,42.42640687119285,-1,-195.0,-11,6,0,14.535165207979569
2394,2596301,407810.0,3398540.0,10,330,3,3,2585.0,9.2,509,6,5,407800,3398630,507,0,15,-74.92,519,-10.0,90.0,90.55385138137417,-2,23.65980825409008,-12,6,0,7.548729802148626
2395,2596301,407810.0,3398540.0,10,330,3,3,2585.0,9.2,509,6,5,407830,3398620,508,0,5,-72.1,519,20.0,80.0,82.46211251235322,-1,-315.96375653207355,-11,6,0,7.5980919959588045
2396,2596301,407810.0,3398540.0,10,330,3,3,2585.0,9.2,509,6,5,407960,3398470,509,0,5,-98.0,519,150.0,-70.0,165.5294535724685,0,-214.98310652189997,-10,6,0,3.457162916963732
2397,2596301,407810.0,3398540.0,10,330,3,3,2585.0,9.2,509,6,5,407885,3398545,509,0,13,-84.44,519,75.0,5.0,75.16648189186454,0,-243.81407483429035,-10,6,0,7.578018126690046
2398,2596301,407810.0,3398540.0,10,330,3,3,2585.0,9.2,509,6,5,407735,3398715,506,0,5,-87.8,519,-75.0,175.0,190.3943276465977,-3,6.801409486351815,-13,6,0,3.906055729095454
2399,2596301,407810.0,3398540.0,10,330,3,3,2585.0,9.2,509,6,5,407905,3398525,508,0,5,-93.8,519,95.0,-15.0,96.17692030835673,-1,-231.0273733851036,-11,6,0,6.52471309697737
2400,2596301,407810.0,3398540.0,10,330,3,3,2585.0,9.2,509,6,5,407740,3398690,507,5,15,-83.21,519,-70.0,150.0,165.5294535724685,-2,4.98310652189997,-12,6,0,4.146383964588246
2401,2596301,407810.0,3398540.0,10,330,3,3,2585.0,9.2,509,6,5,407770,3398740,506,5,6,-99.6,519,-40.0,200.0,203.9607805437114,-3,18.69006752597977,-13,6,0,3.646970455272818
2402,2596301,407810.0,3398540.0,10,330,3,3,2585.0,9.2,509,6,5,407765,3398725,506,0,5,-86.44,519,-45.0,185.0,190.3943276465977,-3,16.328692867804193,-13,6,0,3.906055729095454
2403,2596301,407810.0,3398540.0,10,330,3,3,2585.0,9.2,509,6,5,407775,3398735,506,0,6,-99.33,519,-35.0,195.0,198.11612756158948,-3,19.824489156956815,-13,6,0,3.754256967950863
2404,2596301,407810.0,3398540.0,10,330,3,3,2585.0,9.2,509,6,5,407785,3398745,506,0,5,-101.0,519,-25.0,205.0,206.51876428063383,-3,23.047042531826094,-13,6,0,3.6019179953204374
2405,2596301,407810.0,3398540.0,10,330,3,3,2585.0,9.2,509,6,5,407590,3399010,506,0,5,-108.5,519,-220.0,470.0,518.9412298131649,-3,4.9164059938090645,-13,6,0,1.435016798853436
2406,2596301,407810.0,3398540.0,10,330,3,3,2585.0,9.2,509,6,5,406855,3399235,507,0,5,-90.5,519,-955.0,695.0,1181.1223475999427,-2,-23.954794128851233,-12,6,0,0.5820952420846233
2407,2596301,407810.0,3398540.0,10,330,3,3,2585.0,9.2,509,6,5,406850,3399240,507,99,5,-95.33,519,-960.0,700.0,1188.1077392223317,-2,-23.90171603289201,-12,6,0,0.5786730895568841
2408,2596301,407810.0,3398540.0,10,330,3,3,2585.0,9.2,509,6,5,408020,3398635,506,0,10,-88.5,519,210.0,95.0,230.4886114323222,-3,-264.3410899366925,-13,6,0,3.22817168813936
2409,2596301,407810.0,3398540.0,10,330,3,3,2585.0,9.2,509,6,5,408000,3398615,506,0,13,-88.89,519,190.0,75.0,204.26698215815497,-3,-261.54097591853844,-13,6,0,3.6415182712165772
2410,2596301,407810.0,3398540.0,10,330,3,3,2585.0,9.2,509,6,5,408105,3398720,507,0,5,-87.67,519,295.0,180.0,345.5792239125495,-2,-271.3902681041878,-12,6,0,1.9887573166001085
2411,2596301,407810.0,3398540.0,10,330,3,3,2585.0,9.2,509,6,5,408085,3398700,506,0,13,-95.27,519,275.0,160.0,318.15876539866065,-3,-270.1916229609576,-13,6,0,2.339809903505652
2412,2596301,407810.0,3398540.0,10,330,3,3,2585.0,9.2,509,6,5,408110,3398705,507,0,6,-91.43,519,300.0,165.0,342.3813663153998,-2,-268.81079374297303,-12,6,0,2.0073172753107578
2413,2596301,407810.0,3398540.0,10,330,3,3,2585.0,9.2,509,6,5,408115,3398710,507,0,6,-97.0,519,305.0,170.0,349.17760523836574,-2,-269.13429219722616,-12,6,0,1.9682787723903095
2414,2596301,407810.0,3398540.0,10,330,3,3,2585.0,9.2,509,6,5,408005,3398620,506,0,13,-87.07,519,195.0,80.0,210.77238908357992,-3,-262.30620505490765,-13,6,0,3.529412853677068
2415,2596301,407810.0,3398540.0,10,330,3,3,2585.0,9.2,509,6,5,408015,3398610,506,0,13,-94.5,519,205.0,70.0,216.6217902243447,-3,-258.8531587644191,-13,6,0,3.434339987907192
2416,2596301,407810.0,3398540.0,10,330,3,3,2585.0,9.2,509,6,5,408080,3398695,506,0,5,-94.11,519,270.0,155.0,311.3278015211619,-3,-269.8590161649231,-13,6,0,2.391089630773164
2417,2596301,407810.0,3398540.0,10,330,3,3,2585.0,9.2,509,6,5,408025,3398640,506,0,10,-93.56,519,215.0,100.0,237.11811402758752,-3,-264.9439052634246,-13,6,0,3.1380993368786974
2418,2596301,407810.0,3398540.0,10,330,3,3,2585.0,9.2,509,6,5,408010,3398605,506,0,13,-94.33,519,200.0,65.0,210.2974084481309,-3,-258.0041616059134,-13,6,0,3.537364215873553
2419,2596301,407810.0,3398540.0,10,330,3,3,2585.0,9.2,509,6,5,408030,3398625,506,0,13,-91.0,519,220.0,85.0,235.8495283014151,-3,-261.1247191460725,-13,6,0,3.1549445151885434
2420,2596301,407810.0,3398540.0,10,330,3,3,2585.0,9.2,509,6,5,408100,3398715,507,0,5,-91.67,519,290.0,175.0,338.71079108879894,-2,-271.10880882854514,-12,6,0,2.029052287880794
2421,2596301,407810.0,3398540.0,10,330,3,3,2585.0,9.2,509,6,5,408095,3398690,506,0,13,-99.0,519,285.0,150.0,322.0636583037583,-3,-267.75854060106,-13,6,0,2.3114716051681397
2422,2596301,407810.0,3398540.0,10,330,3,3,2585.0,9.2,509,6,5,408035,3398630,505,0,13,-97.5,519,225.0,90.0,242.33241632105268,-4,-261.8014094863518,-14,6,0,3.306409857315098
2423,2596301,407810.0,3398540.0,10,330,3,3,2585.0,9.2,509,6,5,407745,3398760,507,0,5,-97.0,519,-65.0,220.0,229.40139493908924,-2,13.539985187959985,-12,6,0,2.9944162220299586
2424,2596301,407810.0,3398540.0,10,330,3,3,2585.0,9.2,509,6,5,407735,3398730,506,0,15,-87.4,519,-75.0,190.0,204.26698215815497,-3,8.459024081461564,-13,6,0,3.6415182712165772
2425,2596301,407810.0,3398540.0,10,330,3,3,2585.0,9.2,509,6,5,407725,3398740,507,0,15,-83.5,519,-85.0,200.0,217.3131381210073,-2,6.974507991471967,-12,6,0,3.160654727417081
2426,2596301,407810.0,3398540.0,10,330,3,3,2585.0,9.2,509,6,5,407785,3398525,509,6,5,-84.5,519,-25.0,-15.0,29.154759474226502,0,-90.96375653207352,-10,6,0,18.931823180865184
2427,2596301,407810.0,3398540.0,10,330,3,3,2585.0,9.2,509,6,5,407810,3398520,508,0,13,-82.36,519,0.0,-20.0,20.0,-1,-150.0,-11,6,0,28.810793742973058
2428,2596301,407810.0,3398540.0,10,330,3,3,2585.0,9.2,509,6,5,407775,3398555,509,5,6,-95.5,519,-35.0,15.0,38.07886552931954,0,-36.801409486351815,-10,6,0,14.714353588433495
2429,2596301,407810.0,3398540.0,10,330,3,3,2585.0,9.2,509,6,5,407760,3398550,510,5,6,-90.0,519,-50.0,10.0,50.99019513592785,1,-48.69006752597977,-9,6,0,10.009865311812067
2430,2596301,407810.0,3398540.0,10,330,3,3,2585.0,9.2,509,6,5,407735,3398435,506,0,5,-83.5,519,-75.0,-105.0,129.0348790056394,-3,-114.46232220802563,-13,6,0,5.753020268296204
2431,2596301,407810.0,3398540.0,10,330,3,3,2585.0,9.2,509,6,5,407855,3398635,508,5,5,-75.5,519,45.0,95.0,105.11898020814318,-1,-304.6538240580533,-11,6,0,5.973879289183663
2432,2596301,407810.0,3398540.0,10,330,3,3,2585.0,9.2,509,6,5,407995,3398655,506,0,5,-88.21,519,185.0,115.0,217.83020910791964,-3,-271.86597769360367,-13,6,0,3.415333119378318
2433,2596301,407810.0,3398540.0,10,330,3,3,2585.0,9.2,509,6,5,407875,3398615,509,0,6,-93.33,519,65.0,75.0,99.24716620639605,0,-289.0856167799749,-10,6,0,5.753620978157765
2434,2596301,407810.0,3398540.0,10,330,3,3,2585.0,9.2,509,6,5,407840,3398630,508,0,5,-78.25,519,30.0,90.0,94.86832980505137,-1,-311.565051177078,-11,6,0,6.613921355308278
2435,2596301,407810.0,3398540.0,10,330,3,3,2585.0,9.2,509,6,5,407910,3398580,509,0,5,-89.43,519,100.0,40.0,107.70329614269008,0,-261.8014094863518,-10,6,0,5.30457143909761
2436,2596301,407810.0,3398540.0,10,330,3,3,2585.0,9.2,509,6,5,407915,3398575,509,0,5,-89.87,519,105.0,35.0,110.67971810589327,0,-258.434948822922,-10,6,0,5.162701243636123
2437,2596301,407810.0,3398540.0,10,330,3,3,2585.0,9.2,509,6,5,407895,3398595,510,0,5,-88.4,519,85.0,55.0,101.24228365658294,1,-272.9052429229879,-9,6,0,5.079992984816845
2438,2596301,407810.0,3398540.0,10,330,3,3,2585.0,9.2,509,6,5,407890,3398600,509,0,5,-91.83,519,80.0,60.0,100.0,0,-276.86989764584405,-10,6,0,5.710593137499642
2439,2596301,407810.0,3398540.0,10,330,3,3,2585.0,9.2,509,6,5,407805,3398505,508,0,13,-89.31,519,-5.0,-35.0,35.35533905932738,-1,-141.86989764584402,-11,6,0,17.28232754551572
2440,2596301,407810.0,3398540.0,10,330,3,3,2585.0,9.2,509,6,5,407705,3398445,506,0,13,-97.5,519,-105.0,-95.0,141.59802258506295,-3,-102.13759477388825,-13,6,0,5.245573998781974
2441,2596301,407810.0,3398540.0,10,330,3,3,2585.0,9.2,509,6,5,407825,3398485,507,0,13,-91.75,519,15.0,-55.0,57.0087712549569,-2,-165.25511870305775,-12,6,0,11.886880915494428
2442,2596301,407810.0,3398540.0,10,330,3,3,2585.0,9.2,509,6,5,407900,3398570,509,0,5,-89.96,519,90.0,30.0,94.86832980505137,0,-258.434948822922,-10,6,0,6.0172848640320336
2443,2596301,407810.0,3398540.0,10,330,3,3,2585.0,9.2,509,6,5,407800,3398510,508,0,13,-86.91,519,-10.0,-30.0,31.622776601683793,-1,-131.565051177078,-11,6,0,19.180257996239774
2444,2596301,407810.0,3398540.0,10,330,3,3,2585.0,9.2,509,6,5,407730,3398440,506,0,13,-85.67,519,-80.0,-100.0,128.06248474865697,-3,-111.34019174590992,-13,6,0,5.796407323777807
2445,2596301,407810.0,3398540.0,10,330,3,3,2585.0,9.2,509,6,5,407905,3398565,509,0,5,-86.83,519,95.0,25.0,98.2344135219425,0,-254.74356283647074,-10,6,0,5.812534130773947
2446,2596301,407810.0,3398540.0,10,330,3,3,2585.0,9.2,509,6,5,408060,3398730,507,0,6,-90.0,519,250.0,190.0,314.00636936215164,-2,-277.23483398157464,-12,6,0,2.188538209966376
2447,2596301,407810.0,3398540.0,10,330,3,3,2585.0,9.2,509,6,5,407720,3398430,506,0,5,-90.5,519,-90.0,-110.0,142.12670403551894,-3,-110.71059313749967,-13,6,0,5.226169815163522
2448,2596301,407810.0,3398540.0,10,330,3,3,2585.0,9.2,509,6,5,407815,3398515,508,0,5,-85.2,519,5.0,-25.0,25.495097567963924,-1,-161.30993247402023,-11,6,0,23.33804811782931
2449,2596301,407810.0,3398540.0,10,330,3,3,2585.0,9.2,509,6,5,407885,3398585,509,0,5,-87.24,519,75.0,45.0,87.46427842267951,0,-270.9637565320735,-10,6,0,6.522441584995145
2450,2596301,407810.0,3398540.0,10,330,3,3,2585.0,9.2,509,6,5,407830,3398500,507,0,13,-86.4,519,20.0,-40.0,44.721359549995796,-2,-176.56505117707798,-12,6,0,15.020256666513818
2451,2596301,407810.0,3398540.0,10,330,3,3,2585.0,9.2,509,6,5,407850,3398640,508,0,5,-81.0,519,40.0,100.0,107.70329614269008,-1,-308.1985905136482,-11,6,0,5.831537306502347
2452,2596301,407810.0,3398540.0,10,330,3,3,2585.0,9.2,509,6,5,408065,3398725,506,0,6,-94.25,519,255.0,185.0,315.03968004046726,-3,-275.9605171966449,-13,6,0,2.3629493215950834
2453,2596301,407810.0,3398540.0,10,330,3,3,2585.0,9.2,509,6,5,407990,3398660,506,0,5,-93.5,519,180.0,120.0,216.33307652783935,-3,-273.69006752597977,-13,6,0,3.438912395378297
2454,2596301,407810.0,3398540.0,10,330,3,3,2585.0,9.2,509,6,5,407780,3398530,509,6,6,-96.4,519,-30.0,-10.0,31.622776601683793,0,-78.43494882292202,-10,6,0,17.5484006137923
2455,2596301,407810.0,3398540.0,10,330,3,3,2585.0,9.2,509,6,5,407820,3398490,507,0,13,-89.67,519,10.0,-50.0,50.99019513592785,-2,-161.30993247402023,-12,6,0,13.242976219823511
2456,2596301,407810.0,3398540.0,10,330,3,3,2585.0,9.2,509,6,5,407860,3398610,509,0,6,-76.38,519,50.0,70.0,86.02325267042627,0,-294.4623222080256,-10,6,0,6.630737768078657
2457,2596301,407810.0,3398540.0,10,330,3,3,2585.0,9.2,509,6,5,407985,3398645,506,0,5,-89.3,519,175.0,105.0,204.08331631958552,-3,-270.9637565320735,-13,6,0,3.644786644373859
2458,2596301,407810.0,3398540.0,10,330,3,3,2585.0,9.2,509,6,5,407980,3398650,506,0,5,-92.67,519,170.0,110.0,202.48456731316588,-3,-272.9052429229879,-13,6,0,3.673486142993772
2459,2596301,407810.0,3398540.0,10,330,3,3,2585.0,9.2,509,6,5,407835,3398495,507,0,13,-88.13,519,25.0,-45.0,51.478150704935004,-2,-179.05460409907715,-12,6,0,13.121810650662987
2460,2596301,407810.0,3398540.0,10,330,3,3,2585.0,9.2,509,6,5,407865,3398605,509,21,6,-85.18,519,55.0,65.0,85.14693182963201,0,-289.76364169072616,-10,6,0,6.698363436736243
2461,2596301,407810.0,3398540.0,10,330,3,3,2585.0,9.2,509,6,5,407765,3398545,510,0,6,-83.67,519,-45.0,5.0,45.27692569068709,1,-53.65980825409008,-9,6,0,11.242525073210018
2462,2596301,407810.0,3398540.0,10,330,3,3,2585.0,9.2,509,6,5,407870,3398620,509,0,6,-97.4,519,60.0,80.0,100.0,0,-293.13010235415595,-10,6,0,5.710593137499642
2463,2596301,407810.0,3398540.0,10,330,3,3,2585.0,9.2,509,6,5,407880,3398590,509,0,5,-88.5,519,70.0,50.0,86.02325267042627,0,-275.5376777919744,-10,6,0,6.630737768078657
2464,2596301,407810.0,3398540.0,10,330,3,3,2585.0,9.2,509,6,5,407550,3398965,508,0,5,-115.5,519,-260.0,425.0,498.2218381404011,-1,-1.4568233575552654,-11,6,0,1.264800432936771
2465,2596301,407810.0,3398540.0,10,330,3,3,2585.0,9.2,509,6,5,407620,3398895,505,5,15,-107.5,519,-190.0,355.0,402.6474885057648,-4,1.8438085517274203,-14,6,0,1.9913644629712628
2466,2596301,407810.0,3398540.0,10,330,3,3,2585.0,9.2,509,6,5,407615,3398365,505,0,13,-94.5,519,-195.0,-175.0,262.01145013147806,-4,-101.90594194108289,-14,6,0,3.0585641601114157
2467,2596301,407810.0,3398540.0,10,330,3,3,2585.0,9.2,509,6,5,407845,3398195,504,6,6,-102.0,519,35.0,-345.0,346.77081768799405,-5,-155.79279649503212,-15,6,0,2.4768556598843907
2468,2596301,407810.0,3398540.0,10,330,3,3,2585.0,9.2,509,6,5,407815,3398590,508,5,5,-82.5,519,5.0,50.0,50.24937810560445,-1,-324.28940686250036,-11,6,0,12.347736263701226
2469,2596301,407810.0,3398540.0,10,330,3,3,2585.0,9.2,509,6,5,407810,3398585,508,5,5,-88.67,519,0.0,45.0,45.0,-1,-330.0,-11,6,0,13.736268305622572
2470,2596301,407810.0,3398540.0,10,330,3,3,2585.0,9.2,509,6,5,407885,3398520,508,0,5,-86.57,519,75.0,-20.0,77.62087348130012,-1,-225.06858282186244,-11,6,0,8.065930505029064
2471,2596301,407810.0,3398540.0,10,330,3,3,2585.0,9.2,509,6,5,407785,3398620,508,5,15,-79.67,519,-25.0,80.0,83.81527307120105,-1,12.645975363738671,-11,6,0,7.476823206593228
2472,2596301,407810.0,3398540.0,10,330,3,3,2585.0,9.2,509,6,5,407830,3398565,509,0,6,-91.5,519,20.0,25.0,32.01562118716424,0,-291.3401917459099,-10,6,0,17.346065292669948
2473,2596301,407810.0,3398540.0,10,330,3,3,2585.0,9.2,509,6,5,407925,3398480,508,96,5,-90.33,519,115.0,-60.0,129.71121771072848,-1,-212.44718842328223,-11,6,0,4.847300112785328
2474,2596301,407810.0,3398540.0,10,330,3,3,2585.0,9.2,509,6,5,407895,3398510,508,0,5,-89.67,519,85.0,-30.0,90.13878188659973,-1,-220.55996517182382,-11,6,0,6.957633327104099
2475,2596301,407810.0,3398540.0,10,330,3,3,2585.0,9.2,509,6,5,407775,3398630,507,5,15,-82.0,519,-35.0,90.0,96.56603957913983,-2,8.749494492866745,-12,6,0,7.08367727597497
2476,2596301,407810.0,3398540.0,10,330,3,3,2585.0,9.2,509,6,5,407765,3398640,507,5,5,-84.5,519,-45.0,100.0,109.65856099730654,-2,5.772254682045855,-12,6,0,6.245061217624237
2477,2596301,407810.0,3398540.0,10,330,3,3,2585.0,9.2,509,6,5,407935,3398470,508,0,13,-93.6,519,125.0,-70.0,143.26548781894402,-1,-210.75117366345302,-11,6,0,4.390585938655402
2478,2596301,407810.0,3398540.0,10,330,3,3,2585.0,9.2,509,6,5,407790,3398605,508,0,5,-80.97,519,-20.0,65.0,68.00735254367721,-1,12.89727103094765,-11,6,0,9.18785958026441
2479,2596301,407810.0,3398540.0,10,330,3,3,2585.0,9.2,509,6,5,407860,3398535,509,0,5,-83.54,519,50.0,-5.0,50.24937810560445,0,-234.28940686250036,-10,6,0,11.255239732662096
2480,2596301,407810.0,3398540.0,10,330,3,3,2585.0,9.2,509,6,5,407780,3398615,508,5,15,-79.25,519,-30.0,75.0,80.77747210701756,-1,8.198590513648185,-11,6,0,7.754643944578626
2481,2596301,407810.0,3398540.0,10,330,3,3,2585.0,9.2,509,6,5,407910,3398485,507,96,13,-93.63,519,100.0,-55.0,114.12712210513327,-2,-211.18920625702697,-12,6,0,6.002361632390728
2482,2596301,407810.0,3398540.0,10,330,3,3,2585.0,9.2,509,6,5,407870,3398525,508,0,6,-81.97,519,60.0,-15.0,61.84658438426491,-1,-225.9637565320735,-11,6,0,10.085134498148449
2483,2596301,407810.0,3398540.0,10,330,3,3,2585.0,9.2,509,6,5,407855,3398550,509,0,13,-88.25,519,45.0,10.0,46.09772228646444,0,-252.52880770915152,-10,6,0,12.23955829777656
2484,2596301,407810.0,3398540.0,10,330,3,3,2585.0,9.2,509,6,5,407915,3398490,508,96,5,-84.5,519,105.0,-50.0,116.29703349613007,-1,-214.53665493812838,-11,6,0,5.40326852124291
2485,2596301,407810.0,3398540.0,10,330,3,3,2585.0,9.2,509,6,5,407890,3398505,508,0,6,-88.45,519,80.0,-35.0,87.32124598286491,-1,-216.3706222693432,-11,6,0,7.179823810334801
2486,2596301,407810.0,3398540.0,10,330,3,3,2585.0,9.2,509,6,5,407840,3398555,509,0,5,-83.18,519,30.0,15.0,33.54101966249684,0,-266.565051177078,-10,6,0,16.601549599020238
2487,2596301,407810.0,3398540.0,10,330,3,3,2585.0,9.2,509,6,5,407875,3398530,509,0,6,-87.0,519,65.0,-10.0,65.76473218982953,0,-231.25383773744477,-10,6,0,8.646004980314505
2488,2596301,407810.0,3398540.0,10,330,3,3,2585.0,9.2,509,6,5,407865,3398540,509,0,6,-83.8,519,55.0,0.0,55.0,0,-240.0,-10,6,0,10.304846468766033
2489,2596301,407810.0,3398540.0,10,330,3,3,2585.0,9.2,509,6,5,407850,3398545,509,0,13,-82.0,519,40.0,5.0,40.311288741492746,0,-247.1250163489018,-10,6,0,13.932091549258061
2490,2596301,407810.0,3398540.0,10,330,3,3,2585.0,9.2,509,6,5,407845,3398560,509,0,5,-81.33,519,35.0,20.0,40.311288741492746,0,-269.7448812969422,-10,6,0,13.932091549258061
2491,2596301,407810.0,3398540.0,10,330,3,3,2585.0,9.2,509,6,5,407900,3398495,507,96,13,-92.25,519,90.0,-45.0,100.62305898749054,-2,-213.43494882292202,-12,6,0,6.8008009563797565
2492,2596301,407810.0,3398540.0,10,330,3,3,2585.0,9.2,509,6,5,407835,3398570,509,0,6,-81.0,519,25.0,30.0,39.05124837953327,0,-290.1944289077348,-10,6,0,14.363302674070406
2493,2596301,407810.0,3398540.0,10,330,3,3,2585.0,9.2,509,6,5,407795,3398610,508,0,5,-84.58,519,-15.0,70.0,71.58910531638176,-1,17.905242922987895,-11,6,0,8.735444131760737
2494,2596301,407810.0,3398540.0,10,330,3,3,2585.0,9.2,509,6,5,407715,3398690,506,0,15,-83.5,519,-95.0,150.0,177.55280904564702,-3,-2.347443499442022,-13,6,0,4.18759020337973
2495,2596301,407810.0,3398540.0,10,330,3,3,2585.0,9.2,509,6,5,407880,3398515,508,0,5,-85.79,519,70.0,-25.0,74.33034373659252,-1,-220.34617594194668,-11,6,0,8.417990887582802
2496,2596301,407810.0,3398540.0,10,330,3,3,2585.0,9.2,509,6,5,407905,3398500,508,0,5,-96.0,519,95.0,-40.0,103.07764064044152,-1,-217.16634582208246,-11,6,0,6.0913045223563165
2497,2596301,407810.0,3398540.0,10,330,3,3,2585.0,9.2,509,6,5,407800,3398595,508,5,15,-82.33,519,-10.0,55.0,55.90169943749474,-1,19.695153531233984,-11,6,0,11.132094625040832
2498,2596301,407810.0,3398540.0,10,330,3,3,2585.0,9.2,509,6,5,407805,3398600,508,5,15,-84.89,519,-5.0,60.0,60.207972893961475,-1,25.23635830927384,-11,6,0,10.353749632074488
2499,2596301,407810.0,3398540.0,10,330,3,3,2585.0,9.2,509,6,5,407755,3398650,507,5,15,-91.5,519,-55.0,110.0,122.98373876248843,-2,3.434948822922024,-12,6,0,5.572929936990125
2500,2596301,407810.0,3398540.0,10,330,3,3,2585.0,9.2,509,6,5,407590,3398950,506,0,15,-101.5,519,-220.0,410.0,465.29560496527364,-3,1.7826441452706945,-13,6,0,1.6003835145379366
2501,2596301,407810.0,3398540.0,10,330,3,3,2585.0,9.2,509,6,5,407730,3398750,507,0,5,-84.0,519,-80.0,210.0,224.72205054244233,-2,9.145541960421667,-12,6,0,3.056651343548871
2502,2596301,407810.0,3398540.0,10,330,3,3,2585.0,9.2,509,6,5,407685,3398795,506,0,15,-89.67,519,-125.0,255.0,283.98943642325855,-3,3.886087369709287,-13,6,0,2.6209619915936924
2503,2596301,407810.0,3398540.0,10,330,3,3,2585.0,9.2,509,6,5,407745,3398735,506,5,15,-87.33,519,-65.0,195.0,205.54804791094466,-3,11.565051177077976,-13,6,0,3.6188832299832416
2504,2596301,407810.0,3398540.0,10,330,3,3,2585.0,9.2,509,6,5,407755,3398725,506,0,5,-89.29,519,-55.0,185.0,193.00259065618783,-3,13.442928624363333,-13,6,0,3.8534288845211466
2505,2596301,407810.0,3398540.0,10,330,3,3,2585.0,9.2,509,6,5,407750,3398730,506,5,5,-87.5,519,-60.0,190.0,199.24858845171275,-3,12.474431626277124,-13,6,0,3.732979559311508
2506,2596301,407810.0,3398540.0,10,330,3,3,2585.0,9.2,509,6,5,407715,3398765,507,0,15,-96.67,519,-95.0,225.0,244.23349483639626,-2,7.109448343751694,-12,6,0,2.812869249336615
2507,2596301,407810.0,3398540.0,10,330,3,3,2585.0,9.2,509,6,5,407725,3398755,507,0,5,-98.0,519,-85.0,215.0,231.19256043393784,-2,8.428692808745382,-12,6,0,2.9712586999602837
2508,2596301,407810.0,3398540.0,10,330,3,3,2585.0,9.2,509,6,5,407635,3398400,504,0,13,-96.5,519,-175.0,-140.0,224.1093483101497,-5,-98.65980825409011,-15,6,0,3.8291876619136787
2509,2596301,407810.0,3398540.0,10,330,3,3,2585.0,9.2,509,6,5,407620,3398385,505,0,13,-101.5,519,-190.0,-155.0,245.20399670478457,-4,-99.20720350496785,-14,6,0,3.2677729498227266
2510,2596301,407810.0,3398540.0,10,330,3,3,2585.0,9.2,509,6,5,407665,3398400,505,0,6,-97.0,519,-145.0,-140.0,201.55644370746373,-4,-103.99491399474581,-14,6,0,3.9733516466858623
2511,2596301,407810.0,3398540.0,10,330,3,3,2585.0,9.2,509,6,5,407660,3398395,504,0,5,-94.0,519,-150.0,-145.0,208.62646045025065,-5,-104.02897806892082,-15,6,0,4.112423376366565
2512,2596301,407810.0,3398540.0,10,330,3,3,2585.0,9.2,509,6,5,407590,3398955,506,0,15,-104.5,519,-220.0,415.0,469.7073557013984,-3,2.0710212913190844,-13,6,0,1.5853595367323448
2513,2596301,407810.0,3398540.0,10,330,3,3,2585.0,9.2,509,6,5,407540,3399020,507,0,6,-104.5,519,-270.0,480.0,550.7267925205746,-2,0.6422464572087279,-12,6,0,1.2482424743144604
2514,2596301,407810.0,3398540.0,10,330,3,3,2585.0,9.2,509,6,5,407580,3398980,507,0,5,-106.0,519,-230.0,440.0,496.4876634922564,-2,2.402704131356302,-12,6,0,1.384557095295239
2515,2596301,407810.0,3398540.0,10,330,3,3,2585.0,9.2,509,6,5,407575,3398985,507,0,5,-113.67,519,-235.0,445.0,503.23950560344525,-2,2.16191880286533,-12,6,0,1.365987915431158
2516,2596301,407810.0,3398540.0,10,330,3,3,2585.0,9.2,509,6,5,407710,3398790,507,0,5,-94.0,519,-100.0,250.0,269.2582403567252,-2,8.198590513648185,-12,6,0,2.5518056192727867
2517,2596301,407810.0,3398540.0,10,330,3,3,2585.0,9.2,509,6,5,407685,3398775,506,0,5,-101.0,519,-125.0,235.0,266.1766330841233,-3,1.9908232919861462,-13,6,0,2.7960897228201236
2518,2596301,407810.0,3398540.0,10,330,3,3,2585.0,9.2,509,6,5,407730,3398730,506,0,15,-85.0,519,-80.0,190.0,206.15528128088303,-3,7.166345822082462,-13,6,0,3.608251959405563
2519,2596301,407810.0,3398540.0,10,330,3,3,2585.0,9.2,509,6,5,407735,3398725,506,0,15,-85.5,519,-75.0,185.0,199.6246477767713,-3,7.9321004375897814,-13,6,0,3.72596708052378
2520,2596301,407810.0,3398540.0,10,330,3,3,2585.0,9.2,509,6,5,407530,3398955,507,0,5,-115.0,519,-280.0,415.0,500.62460986251966,-2,-4.007492419732273,-12,6,0,1.3731201097905437
2521,2596301,407810.0,3398540.0,10,330,3,3,2585.0,9.2,509,6,5,407880,3398435,506,0,6,-99.0,519,70.0,-105.0,126.19429464123962,-3,-183.69006752597977,-13,6,0,5.881620561210415
2522,2596301,407810.0,3398540.0,10,330,3,3,2585.0,9.2,509,6,5,407805,3398680,506,5,5,-90.25,519,-5.0,140.0,140.089257261219,-3,27.954591511112767,-13,6,0,5.301748746317293
2523,2596301,407810.0,3398540.0,10,330,3,3,2585.0,9.2,509,6,5,407800,3398675,507,5,5,-80.5,519,-10.0,135.0,135.36986370680884,-2,25.763605200941186,-12,6,0,5.065801437723781
2524,2596301,407810.0,3398540.0,10,330,3,3,2585.0,9.2,509,6,5,407795,3398690,506,5,5,-82.0,519,-15.0,150.0,150.74813431681335,-3,24.289406862500357,-13,6,0,4.928796796291774
2525,2596301,407810.0,3398540.0,10,330,3,3,2585.0,9.2,509,6,5,407835,3398650,507,5,6,-101.5,519,25.0,110.0,112.80514172678478,-2,-317.19573393471325,-12,6,0,6.07218168887136
2526,2596301,407810.0,3398540.0,10,330,3,3,2585.0,9.2,509,6,5,407825,3398660,507,5,6,-91.57,519,15.0,120.0,120.93386622447825,-2,-322.8749836510982,-12,6,0,5.666783353597028
2527,2596301,407810.0,3398540.0,10,330,3,3,2585.0,9.2,509,6,5,407830,3398645,507,5,5,-96.0,519,20.0,105.0,106.88779163215975,-2,-319.2157021324374,-12,6,0,6.405618300145838
2528,2596301,407810.0,3398540.0,10,330,3,3,2585.0,9.2,509,6,5,407950,3398525,509,0,5,-99.13,519,140.0,-15.0,140.80127840328723,0,-233.88449643371462,-10,6,0,4.062444231274032
2529,2596301,407810.0,3398540.0,10,330,3,3,2585.0,9.2,509,6,5,407865,3398460,506,0,13,-90.5,519,55.0,-80.0,97.082439194738,-3,-184.5085229876684,-13,6,0,7.626924948327118
2530,2596301,407810.0,3398540.0,10,330,3,3,2585.0,9.2,509,6,5,407720,3398595,509,0,15,-83.2,519,-90.0,55.0,105.47511554864494,0,-28.57043438516149,-10,6,0,5.415971951341969
2531,2596301,407810.0,3398540.0,10,330,3,3,2585.0,9.2,509,6,5,408190,3398765,508,0,6,-96.0,519,380.0,225.0,441.61634933503086,-1,-270.6299984848207,-11,6,0,1.4268567743528642
2532,2596301,407810.0,3398540.0,10,330,3,3,2585.0,9.2,509,6,5,407935,3398550,509,0,10,-93.33,519,125.0,10.0,125.39936203984452,0,-244.57392125990089,-10,6,0,4.559416109622995
2533,2596301,407810.0,3398540.0,10,330,3,3,2585.0,9.2,509,6,5,407755,3398570,509,5,15,-84.0,519,-55.0,30.0,62.64982043070834,0,-31.38954033403479,-10,6,0,9.068900168866097
2534,2596301,407810.0,3398540.0,10,330,3,3,2585.0,9.2,509,6,5,407790,3398685,506,5,15,-86.25,519,-20.0,145.0,146.37281168304446,-3,22.146686698021767,-13,6,0,5.075368168515256
2535,2596301,407810.0,3398540.0,10,330,3,3,2585.0,9.2,509,6,5,407775,3398710,506,5,15,-85.05,519,-35.0,170.0,173.5655495770978,-3,18.36636600105959,-13,6,0,4.283436171391919
2536,2596301,407810.0,3398540.0,10,330,3,3,2585.0,9.2,509,6,5,407945,3398540,509,0,10,-94.59,519,135.0,0.0,135.0,0,-240.0,-10,6,0,4.23639479905884
2537,2596301,407810.0,3398540.0,10,330,3,3,2585.0,9.2,509,6,5,407960,3398515,509,0,5,-91.0,519,150.0,-25.0,152.0690632574555,0,-230.53767779197437,-10,6,0,3.76233031232997
2538,2596301,407810.0,3398540.0,10,330,3,3,2585.0,9.2,509,6,5,407730,3398585,509,0,15,-84.5,519,-80.0,45.0,91.7877987534291,0,-30.642246457208728,-10,6,0,6.217677251124683
2539,2596301,407810.0,3398540.0,10,330,3,3,2585.0,9.2,509,6,5,407710,3398605,508,0,5,-88.25,519,-100.0,65.0,119.26860441876563,-1,-26.97613244420336,-11,6,0,5.269413793225679
2540,2596301,407810.0,3398540.0,10,330,3,3,2585.0,9.2,509,6,5,407940,3398535,509,0,10,-89.08,519,130.0,-5.0,130.09611831257686,0,-237.79740183823418,-10,6,0,4.395468220456773
2541,2596301,407810.0,3398540.0,10,330,3,3,2585.0,9.2,509,6,5,407740,3398575,510,0,5,-81.75,519,-70.0,35.0,78.26237921249263,1,-33.434948822922024,-9,6,0,6.560070960259124
2542,2596301,407810.0,3398540.0,10,330,3,3,2585.0,9.2,509,6,5,407930,3398545,509,0,10,-92.8,519,120.0,5.0,120.10412149464314,0,-242.38594403038883,-10,6,0,4.759530941773413
2543,2596301,407810.0,3398540.0,10,330,3,3,2585.0,9.2,509,6,5,407815,3398670,507,0,6,-92.79,519,5.0,130.0,130.09611831257686,-2,-327.7974018382342,-12,6,0,5.270021416764185
2544,2596301,407810.0,3398540.0,10,330,3,3,2585.0,9.2,509,6,5,407855,3398470,506,0,13,-95.0,519,45.0,-70.0,83.21658488546619,-3,-182.73522627210764,-13,6,0,8.87891745683474
2545,2596301,407810.0,3398540.0,10,330,3,3,2585.0,9.2,509,6,5,407785,3398700,506,5,5,-80.4,519,-25.0,160.0,161.94134740701648,-3,21.119340849479727,-13,6,0,4.589632719156267
2546,2596301,407810.0,3398540.0,10,330,3,3,2585.0,9.2,509,6,5,407770,3398705,506,5,15,-83.98,519,-40.0,165.0,169.77926846349644,-3,16.37300514010849,-13,6,0,4.378594468526028
2547,2596301,407810.0,3398540.0,10,330,3,3,2585.0,9.2,509,6,5,407780,3398695,506,0,5,-84.38,519,-30.0,155.0,157.87653403846943,-3,19.045937356601655,-13,6,0,4.707276601217372
2548,2596301,407810.0,3398540.0,10,330,3,3,2585.0,9.2,509,6,5,408175,3398790,508,0,13,-90.5,519,365.0,250.0,442.4081825644729,-1,-274.4084722520286,-11,6,0,1.4243040033327872
2549,2596301,407810.0,3398540.0,10,330,3,3,2585.0,9.2,509,6,5,407845,3398480,506,0,13,-95.22,519,35.0,-60.0,69.46221994724903,-3,-180.2564371635293,-13,6,0,10.600397572316623
2550,2596301,407810.0,3398540.0,10,330,3,3,2585.0,9.2,509,6,5,407745,3398580,509,5,5,-77.6,519,-65.0,40.0,76.32168761236873,0,-28.392497753751115,-10,6,0,7.464620452525394
2551,2596301,407810.0,3398540.0,10,330,3,3,2585.0,9.2,509,6,5,407765,3398720,506,0,15,-89.06,519,-45.0,180.0,185.53975315279473,-3,15.963756532073546,-13,6,0,4.0079272955874945
2552,2596301,407810.0,3398540.0,10,330,3,3,2585.0,9.2,509,6,5,407760,3398715,506,5,15,-85.73,519,-50.0,175.0,182.00274723201295,-3,14.054604099077153,-13,6,0,4.085555318656717
2553,2596301,407810.0,3398540.0,10,330,3,3,2585.0,9.2,509,6,5,407885,3398440,506,0,5,-96.0,519,75.0,-100.0,125.0,-3,-186.86989764584405,-13,6,0,5.937416099481517
2554,2596301,407810.0,3398540.0,10,330,3,3,2585.0,9.2,509,6,5,407820,3398655,507,5,5,-94.21,519,10.0,115.0,115.43396380615195,-2,-325.0302592718897,-12,6,0,5.934895954608181
2555,2596301,407810.0,3398540.0,10,330,3,3,2585.0,9.2,509,6,5,407810,3398665,507,0,5,-92.1,519,0.0,125.0,125.0,-2,-330.0,-12,6,0,5.483590444464439
2556,2596301,407810.0,3398540.0,10,330,3,3,2585.0,9.2,509,6,5,407870,3398445,506,0,5,-96.0,519,60.0,-95.0,112.36102527122117,-3,-182.27564431457762,-13,6,0,6.599690946597553
2557,2596301,407810.0,3398540.0,10,330,3,3,2585.0,9.2,509,6,5,407920,3398555,509,0,5,-91.08,519,110.0,15.0,111.01801655587259,0,-247.76516601842536,-10,6,0,5.14705388746539
2558,2596301,407810.0,3398540.0,10,330,3,3,2585.0,9.2,509,6,5,407980,3398495,509,0,13,-94.86,519,170.0,-45.0,175.85505395068975,0,-225.17352002964435,-10,6,0,3.2546202109775995
2559,2596301,407810.0,3398540.0,10,330,3,3,2585.0,9.2,509,6,5,407875,3398450,506,0,6,-93.89,519,65.0,-90.0,111.01801655587259,-3,-185.83765295427827,-13,6,0,6.67881181217068
2560,2596301,407810.0,3398540.0,10,330,3,3,2585.0,9.2,509,6,5,407955,3398530,509,0,5,-96.92,519,145.0,-10.0,145.34441853748632,0,-236.05481377096243,-10,6,0,3.9358668506738494
2561,2596301,407810.0,3398540.0,10,330,3,3,2585.0,9.2,509,6,5,407750,3398565,510,5,15,-94.5,519,-60.0,25.0,65.0,1,-37.38013505195954,-9,6,0,7.8831393167297295
2562,2596301,407810.0,3398540.0,10,330,3,3,2585.0,9.2,509,6,5,407975,3398510,509,0,6,-90.8,519,165.0,-30.0,167.70509831248424,0,-229.69515353123398,-10,6,0,3.4124196866611016
2563,2596301,407810.0,3398540.0,10,330,3,3,2585.0,9.2,509,6,5,407725,3398600,509,0,15,-85.75,519,-85.0,60.0,104.04326023342406,0,-24.78240703180728,-10,6,0,5.490054854268563
2564,2596301,407810.0,3398540.0,10,330,3,3,2585.0,9.2,509,6,5,408170,3398785,508,0,13,-96.5,519,360.0,245.0,435.4595273960601,-1,-274.2374627768575,-11,6,0,1.4470221250161934
2565,2596301,407810.0,3398540.0,10,330,3,3,2585.0,9.2,509,6,5,407925,3398560,509,0,5,-91.5,519,115.0,20.0,116.72617529928752,0,-249.86580694308435,-10,6,0,4.896606974764946
2566,2596301,407810.0,3398540.0,10,330,3,3,2585.0,9.2,509,6,5,407970,3398505,509,0,6,-94.67,519,160.0,-35.0,163.783393541592,0,-227.6609127216738,-10,6,0,3.4939281760080876
2567,2596301,407810.0,3398540.0,10,330,3,3,2585.0,9.2,509,6,5,407840,3398475,506,0,13,-97.33,519,30.0,-65.0,71.58910531638176,-3,-174.77514056883194,-13,6,0,10.292294574473445
2568,2596301,407810.0,3398540.0,10,330,3,3,2585.0,9.2,509,6,5,407860,3398455,506,0,13,-97.0,519,50.0,-85.0,98.6154146165801,-3,-180.46554491945983,-13,6,0,7.509728171073778
2569,2596301,407810.0,3398540.0,10,330,3,3,2585.0,9.2,509,6,5,407850,3398465,506,0,13,-95.4,519,40.0,-75.0,85.0,-3,-178.0724869358529,-13,6,0,8.695502877424769
2570,2596301,407810.0,3398540.0,10,330,3,3,2585.0,9.2,509,6,5,407965,3398520,509,0,5,-90.6,519,155.0,-20.0,156.28499608087785,0,-232.64762064010762,-10,6,0,3.6611178079355473
2571,2596301,407810.0,3398540.0,10,330,3,3,2585.0,9.2,509,6,5,407715,3398610,508,0,5,-96.5,519,-95.0,70.0,118.00423721205946,-1,-23.615648184164115,-11,6,0,5.325550491411934
2572,2596301,407810.0,3398540.0,10,330,3,3,2585.0,9.2,509,6,5,407985,3398500,509,0,13,-94.5,519,175.0,-40.0,179.51323071016242,0,-227.12499844038751,-10,6,0,3.188434802513256
2573,2596301,407810.0,3398540.0,10,330,3,3,2585.0,9.2,509,6,5,407865,3398640,509,5,5,-88.0,519,55.0,100.0,114.12712210513327,0,-301.18920625702697,-10,6,0,5.007558234977078
2574,2596301,407810.0,3398540.0,10,330,3,3,2585.0,9.2,509,6,5,407740,3398435,506,0,5,-97.5,519,-70.0,-105.0,126.19429464123962,-3,-116.30993247402023,-13,6,0,5.881620561210415
2575,2596301,407810.0,3398540.0,10,330,3,3,2585.0,9.2,509,6,5,407765,3398540,510,0,6,-93.5,519,-45.0,0.0,45.0,1,-60.0,-9,6,0,11.309932474020213
2576,2596301,407810.0,3398540.0,10,330,3,3,2585.0,9.2,509,6,5,407685,3398460,506,0,5,-96.0,519,-125.0,-80.0,148.4082207965583,-3,-92.61924307119284,-13,6,0,5.00611598586019
2577,2596301,407810.0,3398540.0,10,330,3,3,2585.0,9.2,509,6,5,407920,3398695,508,5,15,-101.25,519,110.0,155.0,190.06577808748213,-1,-294.63753811293094,-11,6,0,3.3122812410104463
2578,2596301,407810.0,3398540.0,10,330,3,3,2585.0,9.2,509,6,5,407975,3398650,506,0,5,-88.0,519,165.0,110.0,198.3053201505194,-3,-273.69006752597977,-13,6,0,3.7506854589998055
2579,2596301,407810.0,3398540.0,10,330,3,3,2585.0,9.2,509,6,5,407790,3398545,509,6,6,-98.33,519,-20.0,5.0,20.615528128088304,0,-45.963756532073546,-10,6,0,25.87669006082751
2580,2596301,407810.0,3398540.0,10,330,3,3,2585.0,9.2,509,6,5,407820,3398515,508,0,5,-82.48,519,10.0,-25.0,26.92582403567252,-1,-171.80140948635176,-11,6,0,22.221475307820867
2581,2596301,407810.0,3398540.0,10,330,3,3,2585.0,9.2,509,6,5,407805,3398500,507,0,13,-88.0,519,-5.0,-40.0,40.311288741492746,-2,-142.8749836510982,-12,6,0,16.57739285099434
2582,2596301,407810.0,3398540.0,10,330,3,3,2585.0,9.2,509,6,5,408050,3398725,506,0,6,-102.5,519,240.0,185.0,303.0264014900352,-3,-277.62623363866976,-13,6,0,2.4565142906262305
2583,2596301,407810.0,3398540.0,10,330,3,3,2585.0,9.2,509,6,5,407885,3398580,509,0,5,-88.69,519,75.0,40.0,85.0,0,-268.07248693585296,-10,6,0,6.7098368077569335
2584,2596301,407810.0,3398540.0,10,330,3,3,2585.0,9.2,509,6,5,407870,3398625,509,5,5,-94.75,519,60.0,85.0,104.04326023342406,0,-294.7824070318073,-10,6,0,5.490054854268563
2585,2596301,407810.0,3398540.0,10,330,3,3,2585.0,9.2,509,6,5,407905,3398600,510,0,5,-86.25,519,95.0,60.0,112.36102527122117,1,-272.2756443145776,-9,6,0,4.579554505884082
2586,2596301,407810.0,3398540.0,10,330,3,3,2585.0,9.2,509,6,5,407915,3398590,509,0,5,-87.6,519,105.0,50.0,116.29703349613007,0,-265.4633450618716,-10,6,0,4.914587361523426
2587,2596301,407810.0,3398540.0,10,330,3,3,2585.0,9.2,509,6,5,407810,3398485,506,0,5,-94.67,519,0.0,-55.0,55.0,-3,-150.0,-13,6,0,13.29857033049428
2588,2596301,407810.0,3398540.0,10,330,3,3,2585.0,9.2,509,6,5,407835,3398510,508,0,13,-84.17,519,25.0,-30.0,39.05124837953327,-1,-189.80557109226515,-11,6,0,15.731526766293738
2589,2596301,407810.0,3398540.0,10,330,3,3,2585.0,9.2,509,6,5,407890,3398565,509,0,5,-85.36,519,80.0,25.0,83.81527307120105,0,-257.35402463626133,-10,6,0,6.803797203718071
2590,2596301,407810.0,3398540.0,10,330,3,3,2585.0,9.2,509,6,5,407825,3398520,508,0,5,-84.12,519,15.0,-20.0,25.0,-1,-186.86989764584405,-11,6,0,23.74949449286676
2591,2596301,407810.0,3398540.0,10,330,3,3,2585.0,9.2,509,6,5,407895,3398570,509,0,5,-88.48,519,85.0,30.0,90.13878188659973,0,-259.4400348281762,-10,6,0,6.330509401162716
2592,2596301,407810.0,3398540.0,10,330,3,3,2585.0,9.2,509,6,5,407880,3398575,509,0,5,-84.07,519,70.0,35.0,78.26237921249263,0,-266.565051177078,-10,6,0,7.281529854829641
2593,2596301,407810.0,3398540.0,10,330,3,3,2585.0,9.2,509,6,5,407995,3398670,506,0,5,-96.33,519,185.0,130.0,226.10838109190027,-3,-275.09581678702614,-13,6,0,3.2905725484281616
2594,2596301,407810.0,3398540.0,10,330,3,3,2585.0,9.2,509,6,5,407800,3398495,507,0,5,-90.88,519,-10.0,-45.0,46.09772228646444,-2,-137.47119229084848,-12,6,0,14.591203407659627
2595,2596301,407810.0,3398540.0,10,330,3,3,2585.0,9.2,509,6,5,407910,3398585,509,0,5,-89.23,519,100.0,45.0,109.65856099730654,0,-264.22774531795415,-10,6,0,5.210513682296117
2596,2596301,407810.0,3398540.0,10,330,3,3,2585.0,9.2,509,6,5,407850,3398605,508,0,6,-92.31,519,40.0,65.0,76.32168761236873,-1,-298.3924977537511,-11,6,0,8.201380277505379
2597,2596301,407810.0,3398540.0,10,330,3,3,2585.0,9.2,509,6,5,407785,3398560,509,5,6,-83.67,519,-25.0,20.0,32.01562118716424,0,-21.34019174590992,-10,6,0,17.346065292669948
2598,2596301,407810.0,3398540.0,10,330,3,3,2585.0,9.2,509,6,5,407900,3398595,510,0,5,-87.33,519,90.0,55.0,105.47511554864494,1,-271.4295656148385,-9,6,0,4.877131042153257
2599,2596301,407810.0,3398540.0,10,330,3,3,2585.0,9.2,509,6,5,407760,3398535,510,0,6,-96.5,519,-50.0,-5.0,50.24937810560445,1,-65.71059313749964,-9,6,0,10.154389636022229
2600,2596301,407810.0,3398540.0,10,330,3,3,2585.0,9.2,509,6,5,407770,3398525,509,6,6,-98.88,519,-40.0,-15.0,42.720018726587654,0,-80.55604521958347,-10,6,0,13.174712159567619
2601,2596301,407810.0,3398540.0,10,330,3,3,2585.0,9.2,509,6,5,407780,3398555,509,0,6,-87.0,519,-30.0,15.0,33.54101966249684,0,-33.434948822922024,-10,6,0,16.601549599020238
2602,2596301,407810.0,3398540.0,10,330,3,3,2585.0,9.2,509,6,5,407775,3398530,509,6,6,-100.25,519,-35.0,-10.0,36.40054944640259,0,-75.94539590092285,-10,6,0,15.36139538973087
2603,2596301,407810.0,3398540.0,10,330,3,3,2585.0,9.2,509,6,5,407855,3398610,509,0,6,-89.13,519,45.0,70.0,83.21658488546619,0,-297.2647737278924,-10,6,0,6.852282245439308
2604,2596301,407810.0,3398540.0,10,330,3,3,2585.0,9.2,509,6,5,407815,3398490,507,0,13,-87.14,519,5.0,-50.0,50.24937810560445,-2,-155.7105931374997,-12,6,0,13.431189072286667
2605,2596301,407810.0,3398540.0,10,330,3,3,2585.0,9.2,509,6,5,407990,3398665,506,0,5,-94.8,519,180.0,125.0,219.14607000811125,-3,-274.7778313663639,-13,6,0,3.394873886102762
2606,2596301,407810.0,3398540.0,10,330,3,3,2585.0,9.2,509,6,5,407840,3398615,508,0,5,-90.8,519,30.0,75.0,80.77747210701756,-1,-308.1985905136482,-11,6,0,7.754643944578626
2607,2596301,407810.0,3398540.0,10,330,3,3,2585.0,9.2,509,6,5,407970,3398645,507,0,5,-92.67,519,160.0,105.0,191.3765920900464,-2,-273.2748879848349,-12,6,0,3.587953875868229
2608,2596301,407810.0,3398540.0,10,330,3,3,2585.0,9.2,509,6,5,407705,3398480,507,0,6,-95.75,519,-105.0,-60.0,120.93386622447825,-2,-89.74488129694222,-12,6,0,5.666783353597028
2609,2596301,407810.0,3398540.0,10,330,3,3,2585.0,9.2,509,6,5,407830,3398505,507,0,5,-84.7,519,20.0,-35.0,40.311288741492746,-2,-179.74488129694225,-12,6,0,16.57739285099434
2610,2596301,407810.0,3398540.0,10,330,3,3,2585.0,9.2,509,6,5,407860,3398635,508,5,5,-92.0,519,50.0,95.0,107.35455276791944,-1,-302.24145939894,-11,6,0,5.850349982044859
2611,2596301,407810.0,3398540.0,10,330,3,3,2585.0,9.2,509,6,5,407940,3398630,508,9,5,-95.0,519,130.0,90.0,158.11388300841898,-1,-274.695153531234,-11,6,0,3.9796613441817845
2612,2596301,407810.0,3398540.0,10,330,3,3,2585.0,9.2,509,6,5,407765,3398445,506,12,2,-103.67,519,-45.0,-95.0,105.11898020814318,-3,-124.65382405805332,-13,6,0,7.049938571136573
2613,2596301,407810.0,3398540.0,10,330,3,3,2585.0,9.2,509,6,5,407965,3398565,508,6,5,-90.0,519,155.0,25.0,157.00318468107582,-1,-249.16234704572173,-11,6,0,4.007723512250517
2614,2596301,407810.0,3398540.0,10,330,3,3,2585.0,9.2,509,6,5,408155,3398755,508,0,5,-91.0,519,345.0,215.0,406.5095324835569,-1,-271.9306821037178,-11,6,0,1.5500246929771169
2615,2596301,407810.0,3398540.0,10,330,3,3,2585.0,9.2,509,6,5,407885,3398645,509,0,5,-91.33,519,75.0,105.0,129.0348790056394,0,-294.4623222080256,-10,6,0,4.431475061572095
2616,2596301,407810.0,3398540.0,10,330,3,3,2585.0,9.2,509,6,5,407695,3398535,509,0,5,-91.67,519,-115.0,-5.0,115.10864433221339,0,-62.48955292199918,-10,6,0,4.96507353827371
2617,2596301,407810.0,3398540.0,10,330,3,3,2585.0,9.2,509,6,5,407865,3398705,507,5,5,-103.33,519,55.0,165.0,173.92527130926086,-2,-311.565051177078,-12,6,0,3.946875960604566
2618,2596301,407810.0,3398540.0,10,330,3,3,2585.0,9.2,509,6,5,408120,3398730,507,0,5,-93.2,519,310.0,190.0,363.59317925395686,-2,-271.50426671920417,-12,6,0,1.890299149419533
2619,2596301,407810.0,3398540.0,10,330,3,3,2585.0,9.2,509,6,5,408125,3398725,507,0,6,-90.67,519,315.0,185.0,365.3080891521566,-2,-270.42578380196124,-12,6,0,1.8814316823951274
2620,2596301,407810.0,3398540.0,10,330,3,3,2585.0,9.2,509,6,5,408150,3398760,508,0,5,-93.2,519,340.0,220.0,404.96913462633177,-1,-272.9052429229879,-11,6,0,1.5559176933777188
2621,2596301,407810.0,3398540.0,10,330,3,3,2585.0,9.2,509,6,5,407790,3398480,507,0,13,-88.92,519,-20.0,-60.0,63.245553203367585,-2,-131.565051177078,-12,6,0,10.743403801775964
2622,2596301,407810.0,3398540.0,10,330,3,3,2585.0,9.2,509,6,5,407760,3398450,506,0,2,-94.75,519,-50.0,-90.0,102.95630140987001,-3,-120.94539590092285,-13,6,0,7.1964912355119
2623,2596301,407810.0,3398540.0,10,330,3,3,2585.0,9.2,509,6,5,407910,3398680,508,0,15,-98.0,519,100.0,140.0,172.04650534085255,-1,-294.4623222080256,-11,6,0,3.658295076417469
2624,2596301,407810.0,3398540.0,10,330,3,3,2585.0,9.2,509,6,5,408140,3398750,508,0,5,-94.78,519,330.0,210.0,391.1521443121589,-1,-272.4711922908485,-11,6,0,1.610850195560408
2625,2596301,407810.0,3398540.0,10,330,3,3,2585.0,9.2,509,6,5,407970,3398580,508,0,5,-90.25,519,160.0,40.0,164.92422502470643,-1,-254.03624346792645,-11,6,0,3.815822047565223
2626,2596301,407810.0,3398540.0,10,330,3,3,2585.0,9.2,509,6,5,407925,3398605,509,0,5,-89.8,519,115.0,65.0,132.09844813622905,0,-269.47588900324575,-10,6,0,4.329097546933957
2627,2596301,407810.0,3398540.0,10,330,3,3,2585.0,9.2,509,6,5,407705,3398545,510,0,5,-87.75,519,-105.0,5.0,105.11898020814318,1,-57.27368900609372,-9,6,0,4.893574298207575
2628,2596301,407810.0,3398540.0,10,330,3,3,2585.0,9.2,509,6,5,407980,3398590,507,0,5,-91.11,519,170.0,50.0,177.2004514666935,-2,-256.3895403340348,-12,6,0,3.874150433498991
2629,2596301,407810.0,3398540.0,10,330,3,3,2585.0,9.2,509,6,5,408130,3398740,508,0,5,-89.4,519,320.0,200.0,377.35924528226417,-1,-272.0053832080835,-11,6,0,1.6696958154429864
2630,2596301,407810.0,3398540.0,10,330,3,3,2585.0,9.2,509,6,5,407990,3398600,507,0,13,-89.5,519,180.0,60.0,189.73665961010275,-2,-258.434948822922,-12,6,0,3.6188832299832416
2631,2596301,407810.0,3398540.0,10,330,3,3,2585.0,9.2,509,6,5,407935,3398615,508,0,5,-93.6,519,125.0,75.0,145.7737973711325,-1,-270.9637565320735,-11,6,0,4.315325596080143
2632,2596301,407810.0,3398540.0,10,330,3,3,2585.0,9.2,509,6,5,407975,3398575,508,0,5,-96.83,519,165.0,35.0,168.67127793433,-1,-251.97613244420336,-11,6,0,3.731295275487913
2633,2596301,407810.0,3398540.0,10,330,3,3,2585.0,9.2,509,6,5,408135,3398735,508,0,6,-92.5,519,325.0,195.0,379.0118731649445,-1,-270.9637565320735,-11,6,0,1.6624194363505735
2634,2596301,407810.0,3398540.0,10,330,3,3,2585.0,9.2,509,6,5,407755,3398515,509,6,6,-98.0,519,-55.0,-25.0,60.41522986797286,0,-84.44395478041653,-10,6,0,9.398452517514336
2635,2596301,407810.0,3398540.0,10,330,3,3,2585.0,9.2,509,6,5,407795,3398475,506,0,13,-89.7,519,-15.0,-65.0,66.70832032063167,-3,-137.0053832080835,-13,6,0,11.02748802543547
2636,2596301,407810.0,3398540.0,10,330,3,3,2585.0,9.2,509,6,5,407920,3398610,509,0,5,-82.44,519,110.0,70.0,130.38404810405297,0,-272.4711922908485,-10,6,0,4.385799530775009
2637,2596301,407810.0,3398540.0,10,330,3,3,2585.0,9.2,509,6,5,407995,3398595,507,0,13,-91.25,519,185.0,55.0,193.00259065618783,-2,-256.55707137563667,-12,6,0,3.5578042320643366
2638,2596301,407810.0,3398540.0,10,330,3,3,2585.0,9.2,509,6,5,407780,3398470,506,0,13,-92.56,519,-30.0,-70.0,76.15773105863909,-3,-126.80140948635182,-13,6,0,9.686930157845396
2639,2596301,407810.0,3398540.0,10,330,3,3,2585.0,9.2,509,6,5,407950,3398640,508,9,5,-97.75,519,140.0,100.0,172.04650534085255,-1,-275.5376777919744,-11,6,0,3.658295076417469
2640,2596301,407810.0,3398540.0,10,330,3,3,2585.0,9.2,509,6,5,407775,3398455,506,0,13,-101.4,519,-35.0,-85.0,91.92388155425118,-3,-127.61986494804043,-13,6,0,8.049466975528397
2641,2596301,407810.0,3398540.0,10,330,3,3,2585.0,9.2,509,6,5,407880,3398650,509,0,5,-95.67,519,70.0,110.0,130.38404810405297,0,-297.5288077091515,-10,6,0,4.385799530775009
2642,2596301,407810.0,3398540.0,10,330,3,3,2585.0,9.2,509,6,5,407715,3398555,510,0,5,-87.4,519,-95.0,15.0,96.17692030835673,1,-51.0273733851036,-9,6,0,5.346029977875715
2643,2596301,407810.0,3398540.0,10,330,3,3,2585.0,9.2,509,6,5,407770,3398460,506,0,13,-96.8,519,-40.0,-80.0,89.44271909999159,-3,-123.434948822922,-13,6,0,8.2697136534893
2644,2596301,407810.0,3398540.0,10,330,3,3,2585.0,9.2,509,6,5,408145,3398745,508,0,6,-93.5,519,335.0,205.0,392.7467377331096,-1,-271.46414363086575,-11,6,0,1.6043133977904018
2645,2596301,407810.0,3398540.0,10,330,3,3,2585.0,9.2,509,6,5,407725,3398485,508,6,5,-101.0,519,-85.0,-55.0,101.24228365658294,-1,-92.9052429229879,-11,6,0,6.20087723054507
2646,2596301,407810.0,3398540.0,10,330,3,3,2585.0,9.2,509,6,5,407930,3398620,509,0,5,-90.75,519,120.0,80.0,144.22205101855957,0,-273.69006752597977,-10,6,0,3.966399237097971
2647,2596301,407810.0,3398540.0,10,330,3,3,2585.0,9.2,509,6,5,407915,3398675,508,5,15,-97.0,519,105.0,135.0,171.0263137648707,-1,-292.1250163489018,-11,6,0,3.6800574361851672
2648,2596301,407810.0,3398540.0,10,330,3,3,2585.0,9.2,509,6,5,407680,3398530,508,0,15,-94.0,519,-130.0,-10.0,130.38404810405297,-1,-64.39870535499551,-11,6,0,4.822404503018382
2649,2596301,407810.0,3398540.0,10,330,3,3,2585.0,9.2,509,6,5,407710,3398560,509,5,6,-101.5,519,-100.0,20.0,101.9803902718557,0,-48.69006752597977,-10,6,0,5.600409184816616
2650,2596301,407810.0,3398540.0,10,330,3,3,2585.0,9.2,509,6,5,407960,3398570,508,6,5,-95.0,519,150.0,30.0,152.97058540778355,-1,-251.30993247402023,-11,6,0,4.113016868447215
2651,2596301,407810.0,3398540.0,10,330,3,3,2585.0,9.2,509,6,5,407985,3398585,508,0,5,-93.5,519,175.0,45.0,180.6931099959265,-1,-254.42077312751098,-11,6,0,3.483678673968538
2652,2596301,407810.0,3398540.0,10,330,3,3,2585.0,9.2,509,6,5,407955,3398635,507,0,5,-90.5,519,145.0,95.0,173.34935823359717,-2,-273.23171106797935,-12,6,0,3.9599468929347417
2653,2596301,407810.0,3398540.0,10,330,3,3,2585.0,9.2,509,6,5,407945,3398625,508,0,13,-86.57,519,135.0,85.0,159.53056133543816,-1,-272.19573393471325,-11,6,0,3.9444328340175314
2654,2596301,407810.0,3398540.0,10,330,3,3,2585.0,9.2,509,6,5,407785,3398465,506,0,13,-92.89,519,-25.0,-75.0,79.05694150420949,-3,-131.565051177078,-13,6,0,9.338059911633533
2655,2596301,407810.0,3398540.0,10,330,3,3,2585.0,9.2,509,6,5,408080,3398770,508,36,6,-93.5,519,270.0,230.0,354.682957019364,-1,-280.4260787400991,-11,6,0,1.776379750221207
2656,2596301,407810.0,3398540.0,10,330,3,3,2585.0,9.2,509,6,5,407790,3398620,507,5,15,-81.4,519,-20.0,80.0,82.46211251235322,-2,15.963756532073546,-12,6,0,8.279642510622892
2657,2596301,407810.0,3398540.0,10,330,3,3,2585.0,9.2,509,6,5,407890,3398520,508,0,5,-90.78,519,80.0,-20.0,82.46211251235322,-1,-225.9637565320735,-11,6,0,7.5980919959588045
2658,2596301,407810.0,3398540.0,10,330,3,3,2585.0,9.2,509,6,5,407735,3398675,507,5,15,-90.0,519,-75.0,135.0,154.434452114805,-2,0.945395900922847,-12,6,0,4.4431186754961205
2659,2596301,407810.0,3398540.0,10,330,3,3,2585.0,9.2,509,6,5,407740,3398650,507,5,15,-90.5,519,-70.0,110.0,130.38404810405297,-2,-2.471192290848478,-12,6,0,5.2584488321218466
2660,2596301,407810.0,3398540.0,10,330,3,3,2585.0,9.2,509,6,5,407780,3398610,508,5,6,-81.9,519,-30.0,70.0,76.15773105863909,-1,6.801409486351815,-11,6,0,8.218795704314289
2661,2596301,407810.0,3398540.0,10,330,3,3,2585.0,9.2,509,6,5,407810,3398600,508,5,15,-77.33,519,0.0,60.0,60.0,-1,-330.0,-11,6,0,10.388857815469612
2662,2596301,407810.0,3398540.0,10,330,3,3,2585.0,9.2,509,6,5,407795,3398615,508,5,5,-82.63,519,-15.0,75.0,76.48529270389177,-1,18.69006752597977,-11,6,0,8.184075096297432
2663,2596301,407810.0,3398540.0,10,330,3,3,2585.0,9.2,509,6,5,407805,3398585,508,5,5,-81.33,519,-5.0,45.0,45.27692569068709,-1,23.65980825409008,-11,6,0,13.655408268057313
2664,2596301,407810.0,3398540.0,10,330,3,3,2585.0,9.2,509,6,5,407815,3398595,508,5,5,-80.75,519,5.0,55.0,55.226805085936306,-1,-324.8055710922652,-11,6,0,11.26467496239597
2665,2596301,407810.0,3398540.0,10,330,3,3,2585.0,9.2,509,6,5,407770,3398640,507,5,5,-86.25,519,-40.0,100.0,107.70329614269008,-2,8.198590513648185,-12,6,0,6.357515056182176
2666,2596301,407810.0,3398540.0,10,330,3,3,2585.0,9.2,509,6,5,407775,3398635,507,0,15,-87.0,519,-35.0,95.0,101.24228365658294,-2,9.775140568831944,-12,6,0,6.759591514521746
2667,2596301,407810.0,3398540.0,10,330,3,3,2585.0,9.2,509,6,5,407760,3398630,508,0,15,-89.0,519,-50.0,90.0,102.95630140987001,-1,0.945395900922847,-11,6,0,6.098429368479981
2668,2596301,407810.0,3398540.0,10,330,3,3,2585.0,9.2,509,6,5,407895,3398515,508,0,5,-88.4,519,85.0,-25.0,88.60022573334675,-1,-223.6104596659652,-11,6,0,7.077238762037613
2669,2596301,407810.0,3398540.0,10,330,3,3,2585.0,9.2,509,6,5,407785,3398605,508,5,5,-81.04,519,-25.0,65.0,69.6419413859206,-1,8.962488974578207,-11,6,0,8.975760350669326
2670,2596301,407810.0,3398540.0,10,330,3,3,2585.0,9.2,509,6,5,407900,3398490,507,96,13,-90.46,519,90.0,-50.0,102.95630140987001,-2,-210.94539590092285,-12,6,0,6.648073478457562
2671,2596301,407810.0,3398540.0,10,330,3,3,2585.0,9.2,509,6,5,407905,3398485,507,96,5,-91.9,519,95.0,-55.0,109.77249200050075,-2,-209.9314171781375,-12,6,0,6.238630709963389
2672,2596301,407810.0,3398540.0,10,330,3,3,2585.0,9.2,509,6,5,407870,3398540,509,0,6,-83.0,519,60.0,0.0,60.0,0,-240.0,-10,6,0,9.462322208025617
2673,2596301,407810.0,3398540.0,10,330,3,3,2585.0,9.2,509,6,5,407765,3398625,508,0,15,-87.5,519,-45.0,85.0,96.17692030835673,-1,2.1027289690523503,-11,6,0,6.52471309697737
2674,2596301,407810.0,3398540.0,10,330,3,3,2585.0,9.2,509,6,5,408210,3398840,508,0,7,-91.0,519,400.0,300.0,500.0,-1,-276.86989764584405,-11,6,0,1.2603038465035896
2675,2596301,407810.0,3398540.0,10,330,3,3,2585.0,9.2,509,6,5,407850,3398560,509,0,13,-83.82,519,40.0,20.0,44.721359549995796,0,-266.565051177078,-10,6,0,12.604382648379183
2676,2596301,407810.0,3398540.0,10,330,3,3,2585.0,9.2,509,6,5,407860,3398530,509,0,5,-85.8,519,50.0,-10.0,50.99019513592785,0,-228.69006752597977,-10,6,0,11.095803283136393
2677,2596301,407810.0,3398540.0,10,330,3,3,2585.0,9.2,509,6,5,407865,3398525,508,0,5,-83.45,519,55.0,-15.0,57.0087712549569,-1,-224.7448812969422,-11,6,0,10.921164573050607
2678,2596301,407810.0,3398540.0,10,330,3,3,2585.0,9.2,509,6,5,407835,3398575,509,0,6,-83.64,519,25.0,35.0,43.01162633521314,0,-294.4623222080256,-10,6,0,13.088476085833271
2679,2596301,407810.0,3398540.0,10,330,3,3,2585.0,9.2,509,6,5,407950,3398460,508,0,5,-97.0,519,140.0,-80.0,161.24515496597098,-1,-210.25511870305775,-11,6,0,3.9026201731045864
2680,2596301,407810.0,3398540.0,10,330,3,3,2585.0,9.2,509,6,5,407955,3398455,509,0,5,-98.5,519,145.0,-85.0,168.0773631397161,0,-209.62087398863167,-10,6,0,3.4048795167681547
2681,2596301,407810.0,3398540.0,10,330,3,3,2585.0,9.2,509,6,5,407885,3398505,508,0,6,-84.78,519,75.0,-35.0,82.76472678623425,-1,-214.98310652189997,-11,6,0,7.5706337508536174
2682,2596301,407810.0,3398540.0,10,330,3,3,2585.0,9.2,509,6,5,407910,3398500,508,0,5,-87.81,519,100.0,-40.0,107.70329614269008,-1,-218.19859051364818,-11,6,0,5.831537306502347
2683,2596301,407810.0,3398540.0,10,330,3,3,2585.0,9.2,509,6,5,407880,3398510,508,0,6,-87.38,519,70.0,-30.0,76.15773105863909,-1,-216.80140948635182,-11,6,0,8.218795704314289
2684,2596301,407810.0,3398540.0,10,330,3,3,2585.0,9.2,509,6,5,407840,3398550,509,0,13,-82.27,519,30.0,10.0,31.622776601683793,0,-258.434948822922,-10,6,0,17.5484006137923
2685,2596301,407810.0,3398540.0,10,330,3,3,2585.0,9.2,509,6,5,407875,3398535,509,0,6,-82.33,519,65.0,-5.0,65.19202405202648,0,-235.6012946450045,-10,6,0,8.720796928163413
2686,2596301,407810.0,3398540.0,10,330,3,3,2585.0,9.2,509,6,5,407925,3398465,507,0,5,-97.67,519,115.0,-75.0,137.2953021774598,-2,-206.88865803962796,-12,6,0,4.995120268354493
2687,2596301,407810.0,3398540.0,10,330,3,3,2585.0,9.2,509,6,5,407915,3398495,508,0,5,-90.56,519,105.0,-45.0,114.23659658795863,-1,-216.80140948635182,-11,6,0,5.500132607675342
2688,2596301,407810.0,3398540.0,10,330,3,3,2585.0,9.2,509,6,5,407730,3398680,507,5,15,-85.0,519,-80.0,140.0,161.24515496597098,-2,0.2551187030578035,-12,6,0,4.256154139057605
2689,2596301,407810.0,3398540.0,10,330,3,3,2585.0,9.2,509,6,5,407855,3398555,509,0,13,-83.36,519,45.0,15.0,47.43416490252569,0,-258.434948822922,-10,6,0,11.904688112848122
2690,2596301,407810.0,3398540.0,10,330,3,3,2585.0,9.2,509,6,5,407830,3398580,508,0,6,-81.0,519,20.0,40.0,44.721359549995796,-1,-303.434948822922,-11,6,0,13.818582444029007
2691,2596301,407810.0,3398540.0,10,330,3,3,2585.0,9.2,509,6,5,407930,3398480,508,96,13,-90.0,519,120.0,-60.0,134.16407864998737,-1,-213.43494882292202,-11,6,0,4.687148862170573
2692,2596301,407810.0,3398540.0,10,330,3,3,2585.0,9.2,509,6,5,407800,3398590,508,5,15,-82.0,519,-10.0,50.0,50.99019513592785,-1,18.69006752597977,-11,6,0,12.173728850048535
2693,2596301,407810.0,3398540.0,10,330,3,3,2585.0,9.2,509,6,5,407845,3398545,509,0,13,-84.33,519,35.0,5.0,35.35533905932738,0,-248.13010235415595,-10,6,0,15.793169048263962
2694,2596301,407810.0,3398540.0,10,330,3,3,2585.0,9.2,509,6,5,407820,3398570,508,0,7,-82.0,519,10.0,30.0,31.622776601683793,-1,-311.565051177078,-11,6,0,19.180257996239774
2695,2596301,407810.0,3398540.0,10,330,3,3,2585.0,9.2,509,6,5,407970,3398440,508,18,5,-95.33,519,160.0,-100.0,188.67962264113208,-1,-207.99461679191648,-11,6,0,3.33656049950929
2696,2596301,407810.0,3398540.0,10,330,3,3,2585.0,9.2,509,6,5,407590,3398715,502,5,15,-105.0,519,-220.0,175.0,281.1138559374119,-7,-21.49934627965456,-17,6,0,3.4606742656314475
2697,2596301,407810.0,3398540.0,10,330,3,3,2585.0,9.2,509,6,5,406870,3399235,507,0,5,-93.5,519,-940.0,695.0,1169.0273735032897,-2,-23.522197376198164,-12,6,0,0.5881172866056407
2698,2596301,407810.0,3398540.0,10,330,3,3,2585.0,9.2,509,6,5,406895,3399180,508,99,10,-108.5,519,-915.0,640.0,1116.6131827987704,-1,-25.028998061508446,-11,6,0,0.5644149626496958
2699,2596301,407810.0,3398540.0,10,330,3,3,2585.0,9.2,509,6,5,407670,3398510,507,0,15,-95.0,519,-140.0,-30.0,143.17821063276352,-2,-72.0947570770121,-12,6,0,4.790856308572945
2700,2596301,407810.0,3398540.0,10,330,3,3,2585.0,9.2,509,6,5,407880,3398695,508,5,5,-100.67,519,70.0,155.0,170.07351351694948,-1,-305.6954507340633,-11,6,0,3.7006170359144734
2701,2596301,407810.0,3398540.0,10,330,3,3,2585.0,9.2,509,6,5,407750,3398545,510,0,5,-90.0,519,-60.0,5.0,60.207972893961475,1,-55.23635830927384,-9,6,0,8.501729643938765
2702,2596301,407810.0,3398540.0,10,330,3,3,2585.0,9.2,509,6,5,407785,3398440,505,0,5,-99.4,519,-25.0,-100.0,103.07764064044152,-4,-135.96375653207352,-14,6,0,7.734581540658527
2703,2596301,407810.0,3398540.0,10,330,3,3,2585.0,9.2,509,6,5,407745,3398560,510,0,15,-85.5,519,-65.0,20.0,68.00735254367721,1,-42.89727103094765,-9,6,0,7.53863939569589
2704,2596301,407810.0,3398540.0,10,330,3,3,2585.0,9.2,509,6,5,407740,3398555,510,5,15,-92.5,519,-70.0,15.0,71.58910531638176,1,-47.905242922987895,-9,6,0,7.165487395024589
2705,2596301,407810.0,3398540.0,10,330,3,3,2585.0,9.2,509,6,5,407695,3398490,507,0,7,-95.0,519,-115.0,-50.0,125.39936203984452,-2,-83.49856567595211,-12,6,0,5.466232679222325
2706,2596301,407810.0,3398540.0,10,330,3,3,2585.0,9.2,509,6,5,407990,3398625,506,0,10,-88.3,519,180.0,85.0,199.06029237394384,-3,-265.277722235553,-13,6,0,3.7365006790147612
2707,2596301,407810.0,3398540.0,10,330,3,3,2585.0,9.2,509,6,5,408150,3398785,508,0,5,-95.0,519,340.0,245.0,419.0763653560052,-1,-275.7760777178947,-11,6,0,1.5035658057299408
2708,2596301,407810.0,3398540.0,10,330,3,3,2585.0,9.2,509,6,5,407925,3398580,509,0,5,-89.36,519,115.0,40.0,121.75795661885921,0,-259.17900802581073,-10,6,0,4.695173363352924
2709,2596301,407810.0,3398540.0,10,330,3,3,2585.0,9.2,509,6,5,408080,3398735,507,0,5,-89.5,519,270.0,195.0,333.0540496676178,-2,-275.83765295427827,-12,6,0,2.0634850910871827
2710,2596301,407810.0,3398540.0,10,330,3,3,2585.0,9.2,509,6,5,407985,3398640,506,0,5,-84.75,519,175.0,100.0,201.55644370746373,-3,-269.7448812969422,-13,6,0,3.690355110619515
2711,2596301,407810.0,3398540.0,10,330,3,3,2585.0,9.2,509,6,5,407855,3398650,508,0,5,-90.5,519,45.0,110.0,118.84864324004712,-1,-307.7509763427876,-11,6,0,5.287928318796864
2712,2596301,407810.0,3398540.0,10,330,3,3,2585.0,9.2,509,6,5,407895,3398690,508,5,6,-102.0,519,85.0,150.0,172.40939649566667,-1,-300.4612177404419,-11,6,0,3.650615859676765
2713,2596301,407810.0,3398540.0,10,330,3,3,2585.0,9.2,509,6,5,407945,3398600,508,0,5,-92.5,519,135.0,60.0,147.73286702694156,-1,-263.96248897457815,-11,6,0,4.25831243021078
2714,2596301,407810.0,3398540.0,10,330,3,3,2585.0,9.2,509,6,5,407820,3398475,506,6,5,-91.67,519,10.0,-65.0,65.76473218982953,-3,-158.74616226255523,-13,6,0,11.181749849937784
2715,2596301,407810.0,3398540.0,10,330,3,3,2585.0,9.2,509,6,5,407970,3398605,507,0,5,-89.3,519,160.0,65.0,172.69916039170545,-2,-262.10944834375164,-12,6,0,3.974808061346391
2716,2596301,407810.0,3398540.0,10,330,3,3,2585.0,9.2,509,6,5,408135,3398770,508,0,13,-94.67,519,325.0,230.0,398.1519810323691,-1,-275.2867489750597,-11,6,0,1.5825446647692463
2717,2596301,407810.0,3398540.0,10,330,3,3,2585.0,9.2,509,6,5,407960,3398615,507,0,13,-90.4,519,150.0,75.0,167.70509831248424,-2,-266.565051177078,-12,6,0,4.092776755788449
2718,2596301,407810.0,3398540.0,10,330,3,3,2585.0,9.2,509,6,5,407975,3398610,507,0,5,-97.44,519,165.0,70.0,179.2344832893492,-2,-262.9887168020806,-12,6,0,3.8303164915146963
2719,2596301,407810.0,3398540.0,10,330,3,3,2585.0,9.2,509,6,5,407930,3398565,509,0,5,-90.93,519,120.0,25.0,122.57650672131263,0,-251.76828893202065,-10,6,0,4.663958383459289
2720,2596301,407810.0,3398540.0,10,330,3,3,2585.0,9.2,509,6,5,408105,3398760,508,0,5,-100.0,519,295.0,220.0,368.00135869314397,-1,-276.71420297604624,-11,6,0,1.7121294616769172
2721,2596301,407810.0,3398540.0,10,330,3,3,2585.0,9.2,509,6,5,408090,3398725,507,0,5,-96.0,519,280.0,185.0,335.5964838909967,-2,-273.45330945407267,-12,6,0,2.0478657641953
2722,2596301,407810.0,3398540.0,10,330,3,3,2585.0,9.2,509,6,5,407980,3398635,506,0,5,-88.33,519,170.0,95.0,194.74342094150447,-3,-269.19748604606445,-13,6,0,3.8190851066150993
2723,2596301,407810.0,3398540.0,10,330,3,3,2585.0,9.2,509,6,5,407875,3398670,508,5,12,-95.0,519,65.0,130.0,145.34441853748632,-1,-303.434948822922,-11,6,0,4.328025631797275
2724,2596301,407810.0,3398540.0,10,330,3,3,2585.0,9.2,509,6,5,407850,3398645,508,0,5,-81.5,519,40.0,105.0,112.36102527122117,-1,-309.14554196042167,-11,6,0,5.591365774814198
2725,2596301,407810.0,3398540.0,10,330,3,3,2585.0,9.2,509,6,5,408095,3398730,507,0,5,-94.86,519,285.0,190.0,342.527371169079,-2,-273.69006752597977,-12,6,0,2.006462340828638
2726,2596301,407810.0,3398540.0,10,330,3,3,2585.0,9.2,509,6,5,407995,3398630,506,0,10,-98.0,519,185.0,90.0,205.73040611440985,-3,-265.94229548987164,-13,6,0,3.615683986675636
2727,2596301,407810.0,3398540.0,10,330,3,3,2585.0,9.2,509,6,5,408155,3398790,508,0,5,-91.0,519,345.0,250.0,426.0575078554537,-1,-275.9285024228228,-11,6,0,1.4789402415062447
2728,2596301,407810.0,3398540.0,10,330,3,3,2585.0,9.2,509,6,5,408110,3398745,507,0,13,-95.67,519,300.0,205.0,363.35244598048325,-2,-274.3460974000615,-12,6,0,1.8915506269872722
2729,2596301,407810.0,3398540.0,10,330,3,3,2585.0,9.2,509,6,5,407965,3398620,507,0,5,-86.44,519,155.0,80.0,174.42763542512407,-2,-267.2995722113328,-12,6,0,3.9355444464476013
2730,2596301,407810.0,3398540.0,10,330,3,3,2585.0,9.2,509,6,5,407950,3398585,508,0,5,-90.85,519,140.0,45.0,147.05441169852742,-1,-257.81888891452274,-11,6,0,4.277885962399702
2731,2596301,407810.0,3398540.0,10,330,3,3,2585.0,9.2,509,6,5,407860,3398675,508,0,15,-102.5,519,50.0,135.0,143.96180048887967,-1,-309.67686317033707,-11,6,0,4.369432045972333
2732,2596301,407810.0,3398540.0,10,330,3,3,2585.0,9.2,509,6,5,407955,3398590,508,0,5,-93.8,519,145.0,50.0,153.37861650177967,-1,-259.02560603756865,-11,6,0,4.102112466632998
2733,2596301,407810.0,3398540.0,10,330,3,3,2585.0,9.2,509,6,5,407920,3398575,509,0,5,-88.82,519,110.0,35.0,115.43396380615195,0,-257.65012421993015,-10,6,0,4.951150471114766
2734,2596301,407810.0,3398540.0,10,330,3,3,2585.0,9.2,509,6,5,407755,3398550,510,0,5,-86.67,519,-55.0,10.0,55.90169943749474,1,-49.695153531233984,-9,6,0,9.145960365565434
2735,2596301,407810.0,3398540.0,10,330,3,3,2585.0,9.2,509,6,5,407935,3398570,509,0,5,-89.33,519,125.0,30.0,128.5496013218244,0,-253.49573328079583,-10,6,0,4.448136969335406
2736,2596301,407810.0,3398540.0,10,330,3,3,2585.0,9.2,509,6,5,407940,3398595,508,0,5,-88.75,519,130.0,55.0,141.15594213493105,-1,-262.9321004375898,-11,6,0,4.455939991066649
2737,2596301,407810.0,3398540.0,10,330,3,3,2585.0,9.2,509,6,5,407865,3398680,508,0,15,-94.0,519,55.0,140.0,150.41608956491322,-1,-308.55226367289464,-11,6,0,4.182621832944088
2738,2596301,407810.0,3398540.0,10,330,3,3,2585.0,9.2,509,6,5,407870,3398665,508,0,12,-91.25,519,60.0,125.0,138.6542462386205,-1,-304.3589941756947,-11,6,0,4.536004587760297
2739,2596301,407810.0,3398540.0,10,330,3,3,2585.0,9.2,509,6,5,407800,3398455,505,6,13,-101.5,519,-10.0,-85.0,85.58621384311844,-4,-143.29016319224309,-14,6,0,9.290037644803194
2740,2596301,407810.0,3398540.0,10,330,3,3,2585.0,9.2,509,6,5,407750,3398765,507,0,6,-99.0,519,-60.0,225.0,232.86262044390037,-2,15.068582821862435,-12,6,0,2.9499869996008776
2741,2596301,407810.0,3398540.0,10,330,3,3,2585.0,9.2,509,6,5,407625,3398400,505,0,5,-99.67,519,-185.0,-140.0,232.0021551624036,-4,-97.11686068327026,-14,6,0,3.4532842489032185
2742,2596301,407810.0,3398540.0,10,330,3,3,2585.0,9.2,509,6,5,407600,3398375,505,0,13,-99.5,519,-210.0,-165.0,267.0674072214728,-4,-98.15722658736905,-14,6,0,3.0007681343659787
2743,2596301,407810.0,3398540.0,10,330,3,3,2585.0,9.2,509,6,5,407915,3398315,505,6,13,-100.0,519,105.0,-225.0,248.29418035870273,-4,-175.01689347809997,-14,6,0,3.2271898775990904
2744,2596301,407810.0,3398540.0,10,330,3,3,2585.0,9.2,509,6,5,407740,3398745,507,5,15,-99.0,519,-70.0,205.0,216.6217902243447,-2,11.146841235580894,-12,6,0,3.1707213997460175
2745,2596301,407810.0,3398540.0,10,330,3,3,2585.0,9.2,509,6,5,407730,3398735,506,0,15,-90.0,519,-80.0,195.0,210.77238908357992,-3,7.69379494509235,-13,6,0,3.529412853677068
2746,2596301,407810.0,3398540.0,10,330,3,3,2585.0,9.2,509,6,5,407755,3398760,507,0,6,-92.0,519,-55.0,220.0,226.77080940897133,-2,15.963756532073546,-12,6,0,3.029087715149309
2747,2596301,407810.0,3398540.0,10,330,3,3,2585.0,9.2,509,6,5,407735,3398740,507,0,15,-80.67,519,-75.0,200.0,213.60009363293827,-2,9.443954780416561,-12,6,0,3.2154825851783837
2748,2596301,407810.0,3398540.0,10,330,3,3,2585.0,9.2,509,6,5,408115,3398715,507,0,6,-95.0,519,305.0,175.0,351.63901945034485,-2,-269.8459319496874,-12,6,0,1.9545118743781715
2749,2596301,407810.0,3398540.0,10,330,3,3,2585.0,9.2,509,6,5,408110,3398720,507,0,5,-92.67,519,300.0,180.0,349.85711369071805,-2,-270.9637565320735,-12,6,0,1.9644588897287387
2750,2596301,407810.0,3398540.0,10,330,3,3,2585.0,9.2,509,6,5,408030,3398640,506,0,13,-92.88,519,220.0,100.0,241.66091947189145,-3,-264.44395478041656,-13,6,0,3.0792231270722876
2751,2596301,407810.0,3398540.0,10,330,3,3,2585.0,9.2,509,6,5,408090,3398700,506,0,13,-96.1,519,280.0,160.0,322.49030993194197,-3,-269.7448812969422,-13,6,0,2.3084168605306603
2752,2596301,407810.0,3398540.0,10,330,3,3,2585.0,9.2,509,6,5,408005,3398605,507,0,13,-90.5,519,195.0,65.0,205.54804791094466,-2,-258.434948822922,-12,6,0,3.341164430741505
2753,2596301,407810.0,3398540.0,10,330,3,3,2585.0,9.2,509,6,5,408025,3398625,506,0,13,-91.17,519,215.0,85.0,231.19256043393784,-3,-261.5713071912546,-13,6,0,3.2183630509597894
2754,2596301,407810.0,3398540.0,10,330,3,3,2585.0,9.2,509,6,5,408040,3398570,507,6,13,-88.0,519,230.0,30.0,231.94827009486403,-2,-247.43140797117252,-12,6,0,2.961595316900559
2755,2596301,407810.0,3398540.0,10,330,3,3,2585.0,9.2,509,6,5,408045,3398565,507,6,13,-90.75,519,235.0,25.0,236.32604596192948,-2,-246.0724564072077,-12,6,0,2.906828796654794
2756,2596301,407810.0,3398540.0,10,330,3,3,2585.0,9.2,509,6,5,408080,3398690,506,0,5,-92.64,519,270.0,150.0,308.86890422961,-3,-269.05460409907715,-13,6,0,2.4101026752361436
2757,2596301,407810.0,3398540.0,10,330,3,3,2585.0,9.2,509,6,5,408010,3398620,506,0,13,-89.83,519,200.0,80.0,215.40659228538016,-3,-261.8014094863518,-13,6,0,3.4536677589089484
2758,2596301,407810.0,3398540.0,10,330,3,3,2585.0,9.2,509,6,5,408100,3398710,507,0,5,-92.47,519,290.0,170.0,336.1547262794322,-2,-270.3791260113683,-12,6,0,2.0444678214240555
2759,2596301,407810.0,3398540.0,10,330,3,3,2585.0,9.2,509,6,5,408000,3398610,506,0,13,-88.75,519,190.0,70.0,202.48456731316588,-3,-260.22485943116806,-13,6,0,3.673486142993772
2760,2596301,407810.0,3398540.0,10,330,3,3,2585.0,9.2,509,6,5,408015,3398615,506,0,13,-91.18,519,205.0,75.0,218.28879952943075,-3,-260.0952311919048,-13,6,0,3.4081749728385593
2761,2596301,407810.0,3398540.0,10,330,3,3,2585.0,9.2,509,6,5,408095,3398695,506,0,13,-102.2,519,285.0,155.0,324.4225639501667,-3,-268.53998518796,-13,6,0,2.294682719130798
2762,2596301,407810.0,3398540.0,10,330,3,3,2585.0,9.2,509,6,5,408105,3398705,507,0,5,-97.4,519,295.0,165.0,338.0088756231114,-2,-269.2192466904846,-12,6,0,2.033262322307185
2763,2596301,407810.0,3398540.0,10,330,3,3,2585.0,9.2,509,6,5,408020,3398630,506,0,13,-93.5,519,210.0,90.0,228.47319317591726,-3,-263.1985905136482,-13,6,0,3.256587161258135
2764,2596301,407810.0,3398540.0,10,330,3,3,2585.0,9.2,509,6,5,408035,3398635,505,0,13,-95.22,519,225.0,95.0,244.23349483639626,-4,-262.89055165624836,-14,6,0,3.2807296741061824
2765,2596301,407810.0,3398540.0,10,330,3,3,2585.0,9.2,509,6,5,408085,3398685,506,0,5,-98.33,519,275.0,145.0,310.8858311341963,-3,-267.80145877993414,-13,6,0,2.394484966033729
2766,2596301,407810.0,3398540.0,10,330,3,3,2585.0,9.2,509,6,5,407990,3398525,509,6,5,-90.5,519,180.0,-15.0,180.62391868188442,0,-235.23635830927384,-10,6,0,3.1688686418584355
2767,2596301,407810.0,3398540.0,10,330,3,3,2585.0,9.2,509,6,5,407975,3398550,509,0,5,-100.0,519,165.0,10.0,165.3027525481654,0,-243.46822925891718,-10,6,0,3.4618926480618457
2768,2596301,407810.0,3398540.0,10,330,3,3,2585.0,9.2,509,6,5,407915,3398450,507,0,5,-90.5,519,105.0,-90.0,138.2931668593933,-2,-199.3987053549955,-12,6,0,4.959258000229006
2769,2596301,407810.0,3398540.0,10,330,3,3,2585.0,9.2,509,6,5,407965,3398560,509,6,10,-92.8,519,155.0,20.0,156.28499608087785,0,-247.35237935989232,-10,6,0,3.6611178079355473
2770,2596301,407810.0,3398540.0,10,330,3,3,2585.0,9.2,509,6,5,407760,3398675,507,0,15,-87.13,519,-50.0,135.0,143.96180048887967,-2,9.676863170337072,-12,6,0,4.7648998789517
2771,2596301,407810.0,3398540.0,10,330,3,3,2585.0,9.2,509,6,5,407945,3398500,509,0,5,-91.63,519,135.0,-40.0,140.80127840328723,0,-223.49563861824498,-10,6,0,4.062444231274032
2772,2596301,407810.0,3398540.0,10,330,3,3,2585.0,9.2,509,6,5,407900,3398455,506,0,5,-91.0,519,90.0,-85.0,123.79418403139947,-3,-196.63657704161676,-13,6,0,5.994830289943297
2773,2596301,407810.0,3398540.0,10,330,3,3,2585.0,9.2,509,6,5,407770,3398665,507,0,15,-84.8,519,-40.0,125.0,131.24404748406687,-2,12.255328374943076,-12,6,0,5.224183215153356
2774,2596301,407810.0,3398540.0,10,330,3,3,2585.0,9.2,509,6,5,407785,3398660,507,0,5,-82.87,519,-25.0,120.0,122.57650672131263,-2,18.231711067979347,-12,6,0,5.591327574337697
2775,2596301,407810.0,3398540.0,10,330,3,3,2585.0,9.2,509,6,5,408160,3398755,508,0,6,-95.0,519,350.0,215.0,410.7614879708174,-1,-271.56181184164933,-11,6,0,1.53398747736866
2776,2596301,407810.0,3398540.0,10,330,3,3,2585.0,9.2,509,6,5,408165,3398760,508,0,6,-95.6,519,355.0,220.0,417.6421913552317,-1,-271.7872531216648,-11,6,0,1.5087266349566617
2777,2596301,407810.0,3398540.0,10,330,3,3,2585.0,9.2,509,6,5,407765,3398680,507,0,15,-83.41,519,-45.0,140.0,147.05441169852742,-2,12.181111085477198,-12,6,0,4.665139207305234
2778,2596301,407810.0,3398540.0,10,330,3,3,2585.0,9.2,509,6,5,407690,3398585,507,0,15,-89.0,519,-120.0,45.0,128.16005617976296,-2,-39.44395478041656,-12,6,0,5.3491750982856034
2779,2596301,407810.0,3398540.0,10,330,3,3,2585.0,9.2,509,6,5,407885,3398480,507,6,13,-93.27,519,75.0,-60.0,96.04686356149273,-2,-201.34019174590992,-12,6,0,7.121575586962839
2780,2596301,407810.0,3398540.0,10,330,3,3,2585.0,9.2,509,6,5,407970,3398545,509,0,5,-89.2,519,160.0,5.0,160.0781059358212,0,-241.78991060824603,-10,6,0,3.5745939215186993
2781,2596301,407810.0,3398540.0,10,330,3,3,2585.0,9.2,509,6,5,407790,3398645,507,0,15,-76.28,519,-20.0,105.0,106.88779163215975,-2,19.2157021324374,-12,6,0,6.405618300145838
2782,2596301,407810.0,3398540.0,10,330,3,3,2585.0,9.2,509,6,5,407740,3398615,508,0,5,-88.75,519,-70.0,75.0,102.59142264341595,-1,-13.025065989118048,-11,6,0,6.119954858156983
2783,2596301,407810.0,3398540.0,10,330,3,3,2585.0,9.2,509,6,5,407775,3398670,507,0,15,-83.28,519,-35.0,130.0,134.6291201783626,-2,14.931511840507767,-12,6,0,5.09352778654852
2784,2596301,407810.0,3398540.0,10,330,3,3,2585.0,9.2,509,6,5,407955,3398490,509,96,5,-94.57,519,145.0,-50.0,153.37861650177967,0,-220.9743939624313,-10,6,0,3.7302984605694243
2785,2596301,407810.0,3398540.0,10,330,3,3,2585.0,9.2,509,6,5,407935,3398510,509,0,6,-92.68,519,125.0,-30.0,128.5496013218244,0,-226.50426671920417,-10,6,0,4.448136969335406
2786,2596301,407810.0,3398540.0,10,330,3,3,2585.0,9.2,509,6,5,407940,3398495,508,96,5,-95.2,519,130.0,-45.0,137.56816492197603,-1,-220.90650799951436,-11,6,0,4.5716644947987755
2787,2596301,407810.0,3398540.0,10,330,3,3,2585.0,9.2,509,6,5,407920,3398515,508,0,5,-97.38,519,110.0,-25.0,112.80514172678478,-1,-227.19573393471325,-11,6,0,5.569491116534267
2788,2596301,407810.0,3398540.0,10,330,3,3,2585.0,9.2,509,6,5,407795,3398650,507,0,15,-76.0,519,-15.0,110.0,111.01801655587259,-2,22.23483398157464,-12,6,0,6.169181490191689
2789,2596301,407810.0,3398540.0,10,330,3,3,2585.0,9.2,509,6,5,407780,3398655,507,0,5,-78.13,519,-30.0,115.0,118.84864324004712,-2,15.379126011368328,-12,6,0,5.76554408159399
2790,2596301,407810.0,3398540.0,10,330,3,3,2585.0,9.2,509,6,5,407930,3398505,508,0,6,-100.11,519,120.0,-35.0,125.0,-1,-223.73979529168804,-11,6,0,5.029073581785447
2791,2596301,407810.0,3398540.0,10,330,3,3,2585.0,9.2,509,6,5,407985,3398540,509,0,5,-97.0,519,175.0,0.0,175.0,0,-240.0,-10,6,0,3.2704879231835653
2792,2596301,407810.0,3398540.0,10,330,3,3,2585.0,9.2,509,6,5,407980,3398535,509,0,5,-90.8,519,170.0,-5.0,170.07351351694948,0,-238.3153156821037,-10,6,0,3.365008870357933
2793,2596301,407810.0,3398540.0,10,330,3,3,2585.0,9.2,509,6,5,407890,3398465,506,6,13,-89.5,519,80.0,-75.0,109.65856099730654,-3,-196.8476102659946,-13,6,0,6.7608483458661555
2794,2596301,407810.0,3398540.0,10,330,3,3,2585.0,9.2,509,6,5,407880,3398475,507,0,6,-88.0,519,70.0,-65.0,95.524865872714,-2,-197.12109639666141,-12,6,0,7.160088771511015
2795,2596301,407810.0,3398540.0,10,330,3,3,2585.0,9.2,509,6,5,407925,3398520,509,0,5,-89.5,519,115.0,-20.0,116.72617529928752,0,-230.1341930569156,-10,6,0,4.896606974764946
2796,2596301,407810.0,3398540.0,10,330,3,3,2585.0,9.2,509,6,5,407995,3398530,509,6,5,-100.4,519,185.0,-10.0,185.27007313648906,0,-236.90594194108292,-10,6,0,3.08955651207613
2797,2596301,407810.0,3398540.0,10,330,3,3,2585.0,9.2,509,6,5,407895,3398470,506,6,5,-96.67,519,85.0,-70.0,110.11357772772621,-3,-200.52754015165613,-13,6,0,6.733167862649031
2798,2596301,407810.0,3398540.0,10,330,3,3,2585.0,9.2,509,6,5,407725,3398720,506,5,15,-85.0,519,-85.0,180.0,199.06029237394384,-3,4.722277764447028,-13,6,0,3.7365006790147612
2799,2596301,407810.0,3398540.0,10,330,3,3,2585.0,9.2,509,6,5,407775,3398590,509,0,15,-76.75,519,-35.0,50.0,61.032778078668514,0,-4.9920201985586345,-10,6,0,9.305027682630422
2800,2596301,407810.0,3398540.0,10,330,3,3,2585.0,9.2,509,6,5,407915,3398530,509,0,10,-92.57,519,105.0,-10.0,105.47511554864494,0,-234.55966796899452,-10,6,0,5.415971951341969
2801,2596301,407810.0,3398540.0,10,330,3,3,2585.0,9.2,509,6,5,407905,3398540,509,0,10,-94.88,519,95.0,0.0,95.0,0,-240.0,-10,6,0,6.009005957494525
2802,2596301,407810.0,3398540.0,10,330,3,3,2585.0,9.2,509,6,5,407740,3398695,506,5,15,-87.31,519,-70.0,155.0,170.07351351694948,-3,5.695450734063286,-13,6,0,4.371048423849929
2803,2596301,407810.0,3398540.0,10,330,3,3,2585.0,9.2,509,6,5,407750,3398685,507,5,15,-83.36,519,-60.0,145.0,156.92354826475216,-2,7.520565602896909,-12,6,0,4.372918193121906
2804,2596301,407810.0,3398540.0,10,330,3,3,2585.0,9.2,509,6,5,407735,3398710,506,0,5,-90.17,519,-75.0,170.0,185.80904176062046,-3,6.1940564815423045,-13,6,0,4.002137591213485
2805,2596301,407810.0,3398540.0,10,330,3,3,2585.0,9.2,509,6,5,407745,3398700,506,5,15,-86.89,519,-65.0,160.0,172.69916039170545,-3,7.890551656248306,-13,6,0,4.304844537018755
2806,2596301,407810.0,3398540.0,10,330,3,3,2585.0,9.2,509,6,5,407815,3398630,507,0,6,-74.5,519,5.0,90.0,90.13878188659973,-2,-326.8201698801358,-12,6,0,7.583086473236082
2807,2596301,407810.0,3398540.0,10,330,3,3,2585.0,9.2,509,6,5,407805,3398640,507,0,15,-73.91,519,-5.0,100.0,100.12492197250393,-2,27.137594773888225,-12,6,0,6.8343167507024605
2808,2596301,407810.0,3398540.0,10,330,3,3,2585.0,9.2,509,6,5,407830,3398605,508,0,5,-79.0,519,20.0,65.0,68.00735254367721,-1,-312.89727103094765,-11,6,0,9.18785958026441
2809,2596301,407810.0,3398540.0,10,330,3,3,2585.0,9.2,509,6,5,407840,3398515,508,0,13,-82.68,519,30.0,-25.0,39.05124837953327,-1,-200.1944289077348,-11,6,0,15.731526766293738
2810,2596301,407810.0,3398540.0,10,330,3,3,2585.0,9.2,509,6,5,407875,3398490,507,0,6,-90.94,519,65.0,-50.0,82.00609733428362,-2,-202.43140797117252,-12,6,0,8.325039976163174
2811,2596301,407810.0,3398540.0,10,330,3,3,2585.0,9.2,509,6,5,407855,3398510,508,0,5,-90.5,519,45.0,-30.0,54.08326913195984,-1,-206.30993247402023,-11,6,0,11.496576301597276
2812,2596301,407810.0,3398540.0,10,330,3,3,2585.0,9.2,509,6,5,407800,3398635,507,0,15,-81.42,519,-10.0,95.0,95.524865872714,-2,23.990994042505463,-12,6,0,7.160088771511015
2813,2596301,407810.0,3398540.0,10,330,3,3,2585.0,9.2,509,6,5,407965,3398480,509,96,5,-93.67,519,155.0,-60.0,166.20770138594662,0,-218.8387401831717,-10,6,0,3.443089196690515
2814,2596301,407810.0,3398540.0,10,330,3,3,2585.0,9.2,509,6,5,407755,3398690,506,0,15,-85.78,519,-55.0,150.0,159.76545308670458,-3,9.86369657175186,-13,6,0,4.6518678207157595
2815,2596301,407810.0,3398540.0,10,330,3,3,2585.0,9.2,509,6,5,407865,3398500,507,0,5,-90.0,519,55.0,-40.0,68.00735254367721,-2,-203.9726266148964,-12,6,0,10.006919670019558
2816,2596301,407810.0,3398540.0,10,330,3,3,2585.0,9.2,509,6,5,407825,3398620,508,0,15,-78.0,519,15.0,80.0,81.39410298049853,-1,-319.38034472384487,-11,6,0,7.696602619318572
2817,2596301,407810.0,3398540.0,10,330,3,3,2585.0,9.2,509,6,5,408190,3398805,508,0,5,-95.0,519,380.0,265.0,463.2763753959401,-1,-274.89070150750484,-11,6,0,1.3601711806592072
2818,2596301,407810.0,3398540.0,10,330,3,3,2585.0,9.2,509,6,5,407870,3398485,507,0,6,-92.13,519,60.0,-55.0,81.39410298049853,-2,-197.48955292199912,-12,6,0,8.386748102866573
2819,2596301,407810.0,3398540.0,10,330,3,3,2585.0,9.2,509,6,5,407860,3398495,507,5,13,-91.46,519,50.0,-45.0,67.26812023536856,-2,-198.01278750418334,-12,6,0,10.114630525600234
2820,2596301,407810.0,3398540.0,10,330,3,3,2585.0,9.2,509,6,5,407845,3398520,508,0,5,-83.61,519,35.0,-20.0,40.311288741492746,-1,-210.25511870305775,-11,6,0,15.263072090786531
2821,2596301,407810.0,3398540.0,10,330,3,3,2585.0,9.2,509,6,5,407810,3398625,507,0,6,-74.29,519,0.0,85.0,85.0,-2,-330.0,-12,6,0,8.035710710534794
2822,2596301,407810.0,3398540.0,10,330,3,3,2585.0,9.2,509,6,5,407850,3398505,508,0,13,-86.0,519,40.0,-35.0,53.150729063673246,-1,-198.81407483429035,-11,6,0,11.69277781216904
2823,2596301,407810.0,3398540.0,10,330,3,3,2585.0,9.2,509,6,5,408185,3398820,508,0,7,-102.0,519,375.0,280.0,468.0010683748489,-1,-276.7474709528639,-11,6,0,1.3464446874837606
2824,2596301,407810.0,3398540.0,10,330,3,3,2585.0,9.2,509,6,5,407900,3398535,509,0,10,-97.24,519,90.0,-5.0,90.13878188659973,0,-236.82016988013578,-10,6,0,6.330509401162716
2825,2596301,407810.0,3398540.0,10,330,3,3,2585.0,9.2,509,6,5,407895,3398550,509,0,10,-89.93,519,85.0,10.0,85.58621384311844,0,-246.70983680775691,-10,6,0,6.664293276132566
2826,2596301,407810.0,3398540.0,10,330,3,3,2585.0,9.2,509,6,5,407970,3398465,509,0,13,-95.5,519,160.0,-75.0,176.70597047072292,0,-214.88516511385546,-10,6,0,3.2389812405583847
2827,2596301,407810.0,3398540.0,10,330,3,3,2585.0,9.2,509,6,5,407885,3398560,509,0,5,-89.09,519,75.0,20.0,77.62087348130012,0,-254.93141717813756,-10,6,0,7.341055008716423
2828,2596301,407810.0,3398540.0,10,330,3,3,2585.0,9.2,509,6,5,407880,3398555,509,0,5,-86.57,519,70.0,15.0,71.58910531638176,0,-252.0947570770121,-10,6,0,7.951967926347943
2829,2596301,407810.0,3398540.0,10,330,3,3,2585.0,9.2,509,6,5,407770,3398585,509,0,15,-82.25,519,-40.0,45.0,60.207972893961475,0,-11.633539336570209,-10,6,0,9.430225138005694
2830,2596301,407810.0,3398540.0,10,330,3,3,2585.0,9.2,509,6,5,407790,3398565,509,5,6,-83.5,519,-20.0,25.0,32.01562118716424,0,-8.65980825409008,-10,6,0,17.346065292669948
2831,2596301,407810.0,3398540.0,10,330,3,3,2585.0,9.2,509,6,5,407795,3398570,509,5,6,-92.33,519,-15.0,30.0,33.54101966249684,0,3.434948822922024,-10,6,0,16.601549599020238
2832,2596301,407810.0,3398540.0,10,330,3,3,2585.0,9.2,509,6,5,407890,3398545,509,0,10,-82.05,519,80.0,5.0,80.15609770940699,0,-243.57633437499737,-10,6,0,7.111283133545299
2833,2596301,407810.0,3398540.0,10,330,3,3,2585.0,9.2,509,6,5,407785,3398580,509,5,15,-92.0,519,-25.0,40.0,47.16990566028302,0,-2.005383208083515,-10,6,0,11.969463124607309
2834,2596301,407810.0,3398540.0,10,330,3,3,2585.0,9.2,509,6,5,407820,3398615,507,0,15,-78.67,519,10.0,75.0,75.66372975210778,-2,-322.40535663140855,-12,6,0,9.011850395252566
2835,2596301,407810.0,3398540.0,10,330,3,3,2585.0,9.2,509,6,5,407730,3398705,506,0,5,-88.4,519,-80.0,165.0,183.3712082089225,-3,4.133643205905457,-13,6,0,4.055167772244361
2836,2596301,407810.0,3398540.0,10,330,3,3,2585.0,9.2,509,6,5,407835,3398610,508,0,5,-73.17,519,25.0,70.0,74.33034373659252,-1,-310.3461759419467,-11,6,0,8.417990887582802
2837,2596301,407810.0,3398540.0,10,330,3,3,2585.0,9.2,509,6,5,407910,3398525,509,0,5,-96.22,519,100.0,-15.0,101.11874208078342,0,-231.46923439005184,-10,6,0,5.647823882177047
2838,2596301,407810.0,3398540.0,10,330,3,3,2585.0,9.2,509,6,5,407785,3398555,509,0,6,-82.0,519,-25.0,15.0,29.154759474226502,0,-29.03624346792651,-10,6,0,18.931823180865184
2839,2596301,407810.0,3398540.0,10,330,3,3,2585.0,9.2,509,6,5,407845,3398615,508,5,5,-89.0,519,35.0,75.0,82.76472678623425,-1,-304.98310652189997,-11,6,0,7.5706337508536174
2840,2596301,407810.0,3398540.0,10,330,3,3,2585.0,9.2,509,6,5,407930,3398690,508,0,15,-107.5,519,120.0,150.0,192.09372712298546,-1,-291.3401917459099,-11,6,0,3.2773898515009794
2841,2596301,407810.0,3398540.0,10,330,3,3,2585.0,9.2,509,6,5,407840,3398620,508,5,5,-82.6,519,30.0,80.0,85.44003745317531,-1,-309.44395478041656,-11,6,0,7.33620439549738
2842,2596301,407810.0,3398540.0,10,330,3,3,2585.0,9.2,509,6,5,407715,3398465,507,0,5,-96.0,519,-95.0,-75.0,121.03718436910205,-2,-98.29016319224309,-12,6,0,5.661977593079348
2843,2596301,407810.0,3398540.0,10,330,3,3,2585.0,9.2,509,6,5,407700,3398480,507,0,6,-98.33,519,-110.0,-60.0,125.29964086141668,-2,-88.61045966596521,-12,6,0,5.4705566632789075
2844,2596301,407810.0,3398540.0,10,330,3,3,2585.0,9.2,509,6,5,407975,3398645,506,0,5,-90.25,519,165.0,105.0,195.57607215607945,-3,-272.4711922908485,-13,6,0,3.8028734351733577
2845,2596301,407810.0,3398540.0,10,330,3,3,2585.0,9.2,509,6,5,407810,3398490,507,0,5,-86.4,519,0.0,-50.0,50.0,-2,-150.0,-12,6,0,13.495733280795811
2846,2596301,407810.0,3398540.0,10,330,3,3,2585.0,9.2,509,6,5,407910,3398590,509,0,5,-87.69,519,100.0,50.0,111.80339887498948,0,-266.565051177078,-10,6,0,5.111089695288715
2847,2596301,407810.0,3398540.0,10,330,3,3,2585.0,9.2,509,6,5,407875,3398625,509,0,6,-83.75,519,65.0,85.0,107.00467279516349,0,-292.59464336859145,-10,6,0,5.339004991588444
2848,2596301,407810.0,3398540.0,10,330,3,3,2585.0,9.2,509,6,5,407740,3398440,506,0,5,-94.67,519,-70.0,-100.0,122.06555615733703,-3,-115.00797980144134,-13,6,0,6.079094598355478
2849,2596301,407810.0,3398540.0,10,330,3,3,2585.0,9.2,509,6,5,407855,3398605,509,0,6,-87.93,519,45.0,65.0,79.05694150420949,0,-295.304846468766,-10,6,0,7.209120586689089
2850,2596301,407810.0,3398540.0,10,330,3,3,2585.0,9.2,509,6,5,407880,3398580,509,0,5,-87.65,519,70.0,40.0,80.62257748298549,0,-269.7448812969422,-10,6,0,7.070555116965825
2851,2596301,407810.0,3398540.0,10,330,3,3,2585.0,9.2,509,6,5,407805,3398495,507,0,5,-87.0,519,-5.0,-45.0,45.27692569068709,-2,-143.6598082540901,-12,6,0,14.844136280042358
2852,2596301,407810.0,3398540.0,10,330,3,3,2585.0,9.2,509,6,5,407905,3398595,509,0,5,-86.7,519,95.0,55.0,109.77249200050075,0,-270.06858282186244,-10,6,0,5.205135499713162
2853,2596301,407810.0,3398540.0,10,330,3,3,2585.0,9.2,509,6,5,407800,3398500,507,0,13,-88.47,519,-10.0,-40.0,41.23105625617661,-2,-135.96375653207352,-12,6,0,16.227254023233513
2854,2596301,407810.0,3398540.0,10,330,3,3,2585.0,9.2,509,6,5,407825,3398515,508,0,5,-85.73,519,15.0,-25.0,29.154759474226502,-1,-180.9637565320735,-11,6,0,20.671335055030994
2855,2596301,407810.0,3398540.0,10,330,3,3,2585.0,9.2,509,6,5,407885,3398575,509,0,5,-89.42,519,75.0,35.0,82.76472678623425,0,-265.01689347810003,-10,6,0,6.889334033159797
2856,2596301,407810.0,3398540.0,10,330,3,3,2585.0,9.2,509,6,5,407985,3398675,506,0,6,-104.33,519,175.0,135.0,221.02036105300343,-3,-277.6476206401076,-13,6,0,3.3661512482300133
2857,2596301,407810.0,3398540.0,10,330,3,3,2585.0,9.2,509,6,5,407990,3398670,506,0,5,-86.5,519,180.0,130.0,222.03603311174518,-3,-275.83765295427827,-13,6,0,3.350788436592292
2858,2596301,407810.0,3398540.0,10,330,3,3,2585.0,9.2,509,6,5,407865,3398635,509,5,5,-90.75,519,55.0,95.0,109.77249200050075,0,-299.93141717813756,-10,6,0,5.205135499713162
2859,2596301,407810.0,3398540.0,10,330,3,3,2585.0,9.2,509,6,5,407980,3398680,506,0,6,-96.0,519,170.0,140.0,220.22715545545242,-3,-279.4724598483438,-13,6,0,3.3782472912613555
2860,2596301,407810.0,3398540.0,10,330,3,3,2585.0,9.2,509,6,5,407890,3398570,509,0,5,-87.52,519,80.0,30.0,85.44003745317531,0,-260.55604521958344,-10,6,0,6.67559216607672
2861,2596301,407810.0,3398540.0,10,330,3,3,2585.0,9.2,509,6,5,407860,3398640,508,5,5,-89.5,519,50.0,100.0,111.80339887498948,-1,-303.434948822922,-11,6,0,5.619075027796313
2862,2596301,407810.0,3398540.0,10,330,3,3,2585.0,9.2,509,6,5,407895,3398565,509,0,5,-88.92,519,85.0,25.0,88.60022573334675,0,-256.3895403340348,-10,6,0,6.43952401689718
2863,2596301,407810.0,3398540.0,10,330,3,3,2585.0,9.2,509,6,5,407820,3398520,508,0,5,-84.6,519,10.0,-20.0,22.360679774997898,-1,-176.56505117707798,-11,6,0,26.194185490754055
2864,2596301,407810.0,3398540.0,10,330,3,3,2585.0,9.2,509,6,5,407915,3398585,509,0,5,-89.33,519,105.0,45.0,114.23659658795863,0,-263.1985905136482,-10,6,0,5.002783788791154
2865,2596301,407810.0,3398540.0,10,330,3,3,2585.0,9.2,509,6,5,407830,3398510,508,0,5,-81.4,519,20.0,-30.0,36.05551275463989,-1,-183.69006752597977,-11,6,0,16.966167091928728
2866,2596301,407810.0,3398540.0,10,330,3,3,2585.0,9.2,509,6,5,407835,3398505,507,0,13,-81.7,519,25.0,-35.0,43.01162633521314,-2,-185.53767779197437,-12,6,0,15.588801067420366
2867,2596301,407810.0,3398540.0,10,330,3,3,2585.0,9.2,509,6,5,407995,3398665,506,0,5,-87.1,519,185.0,125.0,223.27113561766106,-3,-274.04593735660166,-13,6,0,3.332294263116209
2868,2596301,407810.0,3398540.0,10,330,3,3,2585.0,9.2,509,6,5,407760,3398540,510,0,6,-86.33,519,-50.0,0.0,50.0,1,-60.0,-9,6,0,10.203973721731684
2869,2596301,407810.0,3398540.0,10,330,3,3,2585.0,9.2,509,6,5,407900,3398600,510,0,5,-89.56,519,90.0,60.0,108.16653826391968,1,-273.69006752597977,-9,6,0,4.7563410397334644
2870,2596301,407810.0,3398540.0,10,330,3,3,2585.0,9.2,509,6,5,407770,3398530,509,6,6,-94.0,519,-40.0,-10.0,41.23105625617661,0,-74.03624346792648,-10,6,0,13.63302222536641
2871,2596301,407810.0,3398540.0,10,330,3,3,2585.0,9.2,509,6,5,407775,3398525,509,6,6,-96.43,519,-35.0,-15.0,38.07886552931954,0,-83.19859051364818,-10,6,0,14.714353588433495
2872,2596301,407810.0,3398540.0,10,330,3,3,2585.0,9.2,509,6,5,407815,3398485,506,6,5,-89.27,519,5.0,-55.0,55.226805085936306,-3,-155.19442890773485,-13,6,0,13.245884856606198
2873,2596301,407810.0,3398540.0,10,330,3,3,2585.0,9.2,509,6,5,407765,3398535,510,0,6,-90.14,519,-45.0,-5.0,45.27692569068709,1,-66.34019174590992,-9,6,0,11.242525073210018
2874,2596301,407810.0,3398540.0,10,330,3,3,2585.0,9.2,509,6,5,407705,3398475,507,0,5,-102.5,519,-105.0,-65.0,123.4908903522847,-2,-91.75948008481282,-12,6,0,5.5501862619043685
2875,2596301,407810.0,3398540.0,10,330,3,3,2585.0,9.2,509,6,5,407970,3398650,507,9,5,-84.67,519,160.0,110.0,194.164878389476,-2,-274.5085229876684,-12,6,0,3.536561123726988
2876,2596301,407810.0,3398540.0,10,330,3,3,2585.0,9.2,509,6,5,407745,3398435,506,0,5,-101.25,519,-65.0,-105.0,123.4908903522847,-3,-118.2405199151872,-13,6,0,6.009445984847631
2877,2596301,407810.0,3398540.0,10,330,3,3,2585.0,9.2,509,6,5,407850,3398610,508,0,6,-93.0,519,40.0,70.0,80.62257748298549,-1,-300.2551187030578,-11,6,0,7.769360619770641
2878,2596301,407810.0,3398540.0,10,330,3,3,2585.0,9.2,509,6,5,407870,3398630,509,5,5,-91.5,519,60.0,90.0,108.16653826391968,0,-296.30993247402023,-10,6,0,5.281982452343407
2879,2596301,407810.0,3398540.0,10,330,3,3,2585.0,9.2,509,6,5,407660,3398415,505,0,5,-93.33,519,-150.0,-125.0,195.25624189766637,-4,-99.80557109226521,-14,6,0,4.101126459270192
2880,2596301,407810.0,3398540.0,10,330,3,3,2585.0,9.2,509,6,5,407670,3398565,507,0,5,-92.0,519,-140.0,25.0,142.21462653327893,-2,-49.87532834460217,-12,6,0,4.823164433021935
2881,2596301,407810.0,3398540.0,10,330,3,3,2585.0,9.2,509,6,5,407675,3398570,507,0,5,-93.0,519,-135.0,30.0,138.2931668593933,-2,-47.47119229084848,-12,6,0,4.959258000229006
2882,2596301,407810.0,3398540.0,10,330,3,3,2585.0,9.2,509,6,5,407640,3398400,504,0,13,-93.5,519,-170.0,-140.0,220.22715545545242,-5,-99.47245984834385,-15,6,0,3.896482939371701
2883,2596301,407810.0,3398540.0,10,330,3,3,2585.0,9.2,509,6,5,408005,3398545,508,6,10,-102.67,519,195.0,5.0,195.0640920313116,-1,-241.4688007143858,-11,6,0,3.22758927891507
2884,2596301,407810.0,3398540.0,10,330,3,3,2585.0,9.2,509,6,5,407800,3398750,506,0,15,-103.67,519,-10.0,210.0,210.23796041628637,-3,27.27368900609372,-13,6,0,3.5383619193983136
2885,2596301,407810.0,3398540.0,10,330,3,3,2585.0,9.2,509,6,5,408010,3398560,508,6,13,-94.0,519,200.0,20.0,200.9975124224178,-1,-245.71059313749964,-11,6,0,3.132503889254795
2886,2596301,407810.0,3398540.0,10,330,3,3,2585.0,9.2,509,6,5,407880,3398385,505,0,6,-97.5,519,70.0,-155.0,170.07351351694948,-4,-174.30454926593666,-14,6,0,4.7058264373032745
2887,2596301,407810.0,3398540.0,10,330,3,3,2585.0,9.2,509,6,5,408075,3398630,505,0,6,-97.33,519,265.0,90.0,279.8660393831306,-4,-258.75865034784226,-14,6,0,2.86377306414072
2888,2596301,407810.0,3398540.0,10,330,3,3,2585.0,9.2,509,6,5,408005,3398580,507,96,13,-99.67,519,195.0,40.0,199.06029237394384,-2,-251.59217541029108,-12,6,0,3.449800509829931
2889,2596301,407810.0,3398540.0,10,330,3,3,2585.0,9.2,509,6,5,408130,3398685,507,0,5,-108.75,519,320.0,145.0,351.31894341182345,-2,-264.37646861667474,-12,6,0,1.9562911878942586
2890,2596301,407810.0,3398540.0,10,330,3,3,2585.0,9.2,509,6,5,407850,3398725,507,0,15,-101.8,519,40.0,185.0,189.274932307477,-2,-317.7995312726192,-12,6,0,3.627687779641372
2891,2596301,407810.0,3398540.0,10,330,3,3,2585.0,9.2,509,6,5,408065,3398640,505,0,6,-96.0,519,255.0,100.0,273.9069184960467,-4,-261.4129694748718,-14,6,0,2.925970214402892
2892,2596301,407810.0,3398540.0,10,330,3,3,2585.0,9.2,509,6,5,408060,3398635,505,0,5,-91.0,519,250.0,95.0,267.44158240632663,-4,-260.80679101271124,-14,6,0,2.9965774428467715
2893,2596301,407810.0,3398540.0,10,330,3,3,2585.0,9.2,509,6,5,408135,3398690,507,0,5,-112.0,519,325.0,150.0,357.94552658190884,-2,-264.77514056883194,-12,6,0,1.920102074781891
2894,2596301,407810.0,3398540.0,10,330,3,3,2585.0,9.2,509,6,5,408030,3398585,507,6,13,-102.0,519,220.0,45.0,224.5551157288562,-2,-251.56013079421774,-12,6,0,3.058919351706105
2895,2596301,407810.0,3398540.0,10,330,3,3,2585.0,9.2,509,6,5,408010,3398565,508,6,13,-103.5,519,200.0,25.0,201.55644370746373,-1,-247.1250163489018,-11,6,0,3.12383444675348
2896,2596301,407810.0,3398540.0,10,330,3,3,2585.0,9.2,509,6,5,408040,3398615,506,0,13,-94.0,519,230.0,75.0,241.91940806805889,-3,-258.0604719361992,-13,6,0,3.07593932770745
2897,2596301,407810.0,3398540.0,10,330,3,3,2585.0,9.2,509,6,5,408025,3398600,506,96,13,-94.33,519,215.0,60.0,223.21514285549716,-3,-255.59281093926631,-13,6,0,3.3331282734493253
2898,2596301,407810.0,3398540.0,10,330,3,3,2585.0,9.2,509,6,5,408000,3398575,508,96,13,-94.8,519,190.0,35.0,193.19679086361657,-1,-250.43747535111817,-11,6,0,3.25871792432486
2899,2596301,407810.0,3398540.0,10,330,3,3,2585.0,9.2,509,6,5,406865,3399255,508,0,5,-98.0,519,-945.0,715.0,1185.0105484762573,-1,-22.888349444887865,-11,6,0,0.5318395469460866
2900,2596301,407810.0,3398540.0,10,330,3,3,2585.0,9.2,509,6,5,408070,3398650,505,0,6,-96.5,519,260.0,110.0,282.3118842698621,-4,-262.9321004375898,-14,6,0,2.839003169275594
2901,2596301,407810.0,3398540.0,10,330,3,3,2585.0,9.2,509,6,5,408055,3398665,506,0,5,-93.86,519,245.0,125.0,275.04545078950133,-3,-267.030860259843,-13,6,0,2.7060662859474203
2902,2596301,407810.0,3398540.0,10,330,3,3,2585.0,9.2,509,6,5,408050,3398670,506,0,5,-92.14,519,240.0,130.0,272.9468812791236,-3,-268.44292862436333,-13,6,0,2.7268407658304232
2903,2596301,407810.0,3398540.0,10,330,3,3,2585.0,9.2,509,6,5,408045,3398675,506,0,5,-93.6,519,235.0,135.0,271.01660465735307,-3,-269.8759926916894,-13,6,0,2.746232668348051
2904,2596301,407810.0,3398540.0,10,330,3,3,2585.0,9.2,509,6,5,408040,3398680,506,0,5,-95.17,519,230.0,140.0,269.2582403567252,-3,-271.32869286780414,-13,6,0,2.764138945440068
2905,2596301,407810.0,3398540.0,10,330,3,3,2585.0,9.2,509,6,5,408065,3398655,505,0,6,-89.0,519,255.0,115.0,279.7320146139873,-4,-264.2744411344395,-14,6,0,2.8651428649649935
2906,2596301,407810.0,3398540.0,10,330,3,3,2585.0,9.2,509,6,5,408030,3398690,506,0,5,-95.86,519,220.0,150.0,266.27053911388697,-3,-274.286876977209,-13,6,0,2.795105185721623
2907,2596301,407810.0,3398540.0,10,330,3,3,2585.0,9.2,509,6,5,408025,3398695,506,0,5,-91.75,519,215.0,155.0,265.04716561397146,-3,-275.78897345918335,-13,6,0,2.807985902413319
2908,2596301,407810.0,3398540.0,10,330,3,3,2585.0,9.2,509,6,5,408035,3398685,506,0,5,-93.9,519,225.0,145.0,267.67517628648346,-3,-272.7995312726192,-13,6,0,2.7804608266921873
2909,2596301,407810.0,3398540.0,10,330,3,3,2585.0,9.2,509,6,5,408020,3398700,506,0,6,-102.0,519,210.0,160.0,264.0075756488817,-3,-277.3039482779834,-13,6,0,2.8190251856344837
2910,2596301,407810.0,3398540.0,10,330,3,3,2585.0,9.2,509,6,5,408060,3398660,505,0,5,-92.0,519,250.0,120.0,277.308492477241,-4,-265.6410058243053,-14,6,0,2.890140351784084
2911,2596301,407810.0,3398540.0,10,330,3,3,2585.0,9.2,509,6,5,407745,3398550,510,5,5,-94.67,519,-65.0,10.0,65.76473218982953,1,-51.25383773744477,-9,6,0,7.792604540036136
2912,2596301,407810.0,3398540.0,10,330,3,3,2585.0,9.2,509,6,5,407740,3398545,511,5,5,-80.0,519,-70.0,5.0,70.178344238091,2,-55.914383220025115,-8,6,0,6.503375099161559
2913,2596301,407810.0,3398540.0,10,330,3,3,2585.0,9.2,509,6,5,407695,3398500,508,0,6,-92.5,519,-115.0,-40.0,121.75795661885921,-1,-79.17900802581073,-11,6,0,5.162268273804218
2914,2596301,407810.0,3398540.0,10,330,3,3,2585.0,9.2,509,6,5,407890,3398695,508,5,6,-100.0,519,80.0,155.0,174.42763542512407,-1,-302.7004277886672,-11,6,0,3.6084881649596388
2915,2596301,407810.0,3398540.0,10,330,3,3,2585.0,9.2,509,6,5,407750,3398555,510,0,15,-91.57,519,-60.0,15.0,61.84658438426491,1,-45.963756532073546,-9,6,0,8.279642510622892
2916,2596301,407810.0,3398540.0,10,330,3,3,2585.0,9.2,509,6,5,407795,3398440,505,0,13,-88.0,519,-15.0,-100.0,101.11874208078342,-4,-141.46923439005187,-14,6,0,7.882551890738068
2917,2596301,407810.0,3398540.0,10,330,3,3,2585.0,9.2,509,6,5,407690,3398495,507,0,6,-94.0,519,-120.0,-45.0,128.16005617976296,-2,-80.55604521958347,-12,6,0,5.3491750982856034
2918,2596301,407810.0,3398540.0,10,330,3,3,2585.0,9.2,509,6,5,407980,3398625,506,0,5,-88.22,519,170.0,85.0,190.06577808748213,-3,-266.565051177078,-13,6,0,3.9127868198892335
2919,2596301,407810.0,3398540.0,10,330,3,3,2585.0,9.2,509,6,5,407845,3398650,508,5,5,-89.0,519,35.0,110.0,115.43396380615195,-1,-312.34987578006985,-11,6,0,5.443425587867194
2920,2596301,407810.0,3398540.0,10,330,3,3,2585.0,9.2,509,6,5,407920,3398565,509,0,5,-90.05,519,110.0,25.0,112.80514172678478,0,-252.80426606528675,-10,6,0,5.065938945162436
2921,2596301,407810.0,3398540.0,10,330,3,3,2585.0,9.2,509,6,5,407940,3398585,509,0,5,-90.7,519,130.0,45.0,137.56816492197603,0,-259.09349200048564,-10,6,0,4.1575884233741425
2922,2596301,407810.0,3398540.0,10,330,3,3,2585.0,9.2,509,6,5,407955,3398600,508,0,5,-90.6,519,145.0,60.0,156.92354826475216,-1,-262.4794343971031,-11,6,0,4.009750740978719
2923,2596301,407810.0,3398540.0,10,330,3,3,2585.0,9.2,509,6,5,407975,3398620,507,0,5,-93.09,519,165.0,80.0,183.3712082089225,-2,-265.8663567940945,-12,6,0,3.7441558684075567
2924,2596301,407810.0,3398540.0,10,330,3,3,2585.0,9.2,509,6,5,407805,3398450,505,6,13,-96.5,519,-5.0,-90.0,90.13878188659973,-4,-146.82016988013575,-14,6,0,8.828415901438232
2925,2596301,407810.0,3398540.0,10,330,3,3,2585.0,9.2,509,6,5,407935,3398580,509,0,5,-88.12,519,125.0,40.0,131.24404748406687,0,-257.7446716250569,-10,6,0,4.357171853558894
2926,2596301,407810.0,3398540.0,10,330,3,3,2585.0,9.2,509,6,5,407970,3398615,507,0,5,-91.25,519,160.0,75.0,176.70597047072292,-2,-265.11483488614454,-12,6,0,3.8849584193438287
2927,2596301,407810.0,3398540.0,10,330,3,3,2585.0,9.2,509,6,5,407865,3398670,508,0,5,-93.67,519,55.0,130.0,141.15594213493105,-1,-307.0678995624102,-11,6,0,4.455939991066649
2928,2596301,407810.0,3398540.0,10,330,3,3,2585.0,9.2,509,6,5,408090,3398735,507,0,5,-88.5,519,280.0,195.0,341.2110783664563,-2,-274.85445556610364,-12,6,0,2.014196323864564
2929,2596301,407810.0,3398540.0,10,330,3,3,2585.0,9.2,509,6,5,408100,3398745,507,0,5,-97.44,519,290.0,205.0,355.1408171415953,-2,-275.2563587129628,-12,6,0,1.935254513450094
2930,2596301,407810.0,3398540.0,10,330,3,3,2585.0,9.2,509,6,5,408130,3398775,508,0,5,-88.0,519,320.0,235.0,397.0201506221063,-1,-276.2926297284796,-11,6,0,1.587053900456254
2931,2596301,407810.0,3398540.0,10,330,3,3,2585.0,9.2,509,6,5,408155,3398800,508,0,5,-101.0,519,345.0,260.0,432.001157405857,-1,-277.0025265281962,-11,6,0,1.4586012250447795
2932,2596301,407810.0,3398540.0,10,330,3,3,2585.0,9.2,509,6,5,408095,3398740,507,0,5,-95.5,519,285.0,200.0,348.1738071710737,-2,-275.059426966887,-12,6,0,1.9739489107192743
2933,2596301,407810.0,3398540.0,10,330,3,3,2585.0,9.2,509,6,5,407995,3398640,506,0,10,-92.86,519,185.0,100.0,210.2974084481309,-3,-268.393019421383,-13,6,0,3.537364215873553
2934,2596301,407810.0,3398540.0,10,330,3,3,2585.0,9.2,509,6,5,407945,3398590,508,0,5,-88.16,519,135.0,50.0,143.96180048887967,-1,-260.32313682966293,-11,6,0,4.369432045972333
2935,2596301,407810.0,3398540.0,10,330,3,3,2585.0,9.2,509,6,5,408110,3398755,508,0,5,-93.0,519,300.0,215.0,369.08671067921154,-1,-275.6279072914209,-11,6,0,1.7070976848618873
2936,2596301,407810.0,3398540.0,10,330,3,3,2585.0,9.2,509,6,5,407925,3398570,509,0,5,-86.39,519,115.0,30.0,118.84864324004712,0,-254.62087398863167,-10,6,0,4.80957444157113
2937,2596301,407810.0,3398540.0,10,330,3,3,2585.0,9.2,509,6,5,407965,3398610,507,0,13,-89.35,519,155.0,70.0,170.07351351694948,-2,-264.3045492659367,-12,6,0,4.035971107416121
2938,2596301,407810.0,3398540.0,10,330,3,3,2585.0,9.2,509,6,5,408115,3398760,508,0,5,-97.5,519,305.0,220.0,376.06515392947534,-1,-275.8033441083711,-11,6,0,1.6754381966881422
2939,2596301,407810.0,3398540.0,10,330,3,3,2585.0,9.2,509,6,5,407960,3398605,508,0,13,-91.08,519,150.0,65.0,163.47782724271815,-1,-263.4286928087454,-11,6,0,3.8494821165051127
2940,2596301,407810.0,3398540.0,10,330,3,3,2585.0,9.2,509,6,5,407990,3398635,506,0,10,-90.58,519,180.0,95.0,203.5313243704762,-3,-267.82409638425327,-13,6,0,3.6546448203160007
2941,2596301,407810.0,3398540.0,10,330,3,3,2585.0,9.2,509,6,5,408080,3398725,506,0,5,-92.0,519,270.0,185.0,327.29955698106284,-3,-274.4183644790562,-13,6,0,2.274533526945516
2942,2596301,407810.0,3398540.0,10,330,3,3,2585.0,9.2,509,6,5,407930,3398575,509,0,5,-90.0,519,120.0,35.0,125.0,0,-256.26020470831196,-10,6,0,4.573921259900861
2943,2596301,407810.0,3398540.0,10,330,3,3,2585.0,9.2,509,6,5,407950,3398595,508,0,5,-92.5,519,140.0,55.0,150.41608956491322,-1,-261.44773632710536,-11,6,0,4.182621832944088
2944,2596301,407810.0,3398540.0,10,330,3,3,2585.0,9.2,509,6,5,407755,3398560,510,5,15,-88.33,519,-55.0,20.0,58.52349955359813,1,-40.01689347810003,-9,6,0,8.742704595011741
2945,2596301,407810.0,3398540.0,10,330,3,3,2585.0,9.2,509,6,5,407835,3398480,506,0,13,-94.12,519,25.0,-60.0,65.0,-3,-172.61986494804046,-13,6,0,11.309932474020213
2946,2596301,407810.0,3398540.0,10,330,3,3,2585.0,9.2,509,6,5,408085,3398730,507,0,5,-87.0,519,275.0,190.0,334.2528982671654,-2,-274.6409475119163,-12,6,0,2.0560904532084754
2947,2596301,407810.0,3398540.0,10,330,3,3,2585.0,9.2,509,6,5,407985,3398630,506,0,10,-94.27,519,175.0,90.0,196.78668654154427,-3,-267.2161115573075,-13,6,0,3.7795465101345203
2948,2596301,407810.0,3398540.0,10,330,3,3,2585.0,9.2,509,6,5,407870,3398675,508,0,5,-84.67,519,60.0,135.0,147.73286702694156,-1,-306.0375110254218,-11,6,0,4.25831243021078
2949,2596301,407810.0,3398540.0,10,330,3,3,2585.0,9.2,509,6,5,407830,3398475,506,6,13,-92.5,519,20.0,-65.0,68.00735254367721,-3,-167.10272896905235,-13,6,0,10.82186874025566
2950,2596301,407810.0,3398540.0,10,330,3,3,2585.0,9.2,509,6,5,407815,3398460,505,0,13,-99.67,519,5.0,-80.0,80.15609770940699,-4,-153.57633437499737,-14,6,0,9.907298304496342
2951,2596301,407810.0,3398540.0,10,330,3,3,2585.0,9.2,509,6,5,407840,3398645,508,5,6,-85.67,519,30.0,105.0,109.20164833920778,-1,-314.05460409907715,-11,6,0,5.752063209281633
2952,2596301,407810.0,3398540.0,10,330,3,3,2585.0,9.2,509,6,5,407615,3399030,506,0,5,-111.0,519,-195.0,490.0,527.3755777432247,-3,8.299463260682558,-13,6,0,1.4120758602924421
2953,2596301,407810.0,3398540.0,10,330,3,3,2585.0,9.2,509,6,5,407455,3398870,502,0,5,-101.5,519,-355.0,330.0,484.69062297510976,-7,-17.090159153710715,-17,6,0,2.008764127353051
2954,2596301,407810.0,3398540.0,10,330,3,3,2585.0,9.2,509,6,5,407810,3398785,506,0,15,-102.0,519,0.0,245.0,245.0,-3,-330.0,-13,6,0,3.0373358229524836
2955,2596301,407810.0,3398540.0,10,330,3,3,2585.0,9.2,509,6,5,407770,3398745,506,5,5,-104.0,519,-40.0,205.0,208.86598574205422,-3,18.95905981967627,-13,6,0,3.5615446700412714
2956,2596301,407810.0,3398540.0,10,330,3,3,2585.0,9.2,509,6,5,407795,3398730,506,5,15,-101.0,519,-15.0,190.0,190.59118552545917,-3,25.48601154199872,-13,6,0,3.902033710778106
2957,2596301,407810.0,3398540.0,10,330,3,3,2585.0,9.2,509,6,5,407780,3398735,506,0,5,-102.11,519,-30.0,195.0,197.29419656948858,-3,21.25383773744477,-13,6,0,3.769852259238161
2958,2596301,407810.0,3398540.0,10,330,3,3,2585.0,9.2,509,6,5,407790,3398725,506,5,5,-101.29,519,-20.0,185.0,186.07794065928394,-3,23.829824904970394,-13,6,0,3.9963729054013912
2959,2596301,407810.0,3398540.0,10,330,3,3,2585.0,9.2,509,6,5,407835,3398620,508,0,5,-84.6,519,25.0,80.0,83.81527307120105,-1,-312.64597536373867,-11,6,0,7.476823206593228
2960,2596301,407810.0,3398540.0,10,330,3,3,2585.0,9.2,509,6,5,407790,3398575,509,5,5,-88.0,519,-20.0,35.0,40.311288741492746,0,0.2551187030578035,-10,6,0,13.932091549258061
2961,2596301,407810.0,3398540.0,10,330,3,3,2585.0,9.2,509,6,5,407830,3398615,508,0,5,-81.33,519,20.0,75.0,77.62087348130012,-1,-315.06858282186244,-11,6,0,8.065930505029064
2962,2596301,407810.0,3398540.0,10,330,3,3,2585.0,9.2,509,6,5,407810,3398635,507,0,15,-81.4,519,0.0,95.0,95.0,-2,-330.0,-12,6,0,7.199233638367645
2963,2596301,407810.0,3398540.0,10,330,3,3,2585.0,9.2,509,6,5,407730,3398715,506,5,5,-86.67,519,-80.0,175.0,192.41881404893857,-3,5.43282867939871,-13,6,0,3.8650843639986467
2964,2596301,407810.0,3398540.0,10,330,3,3,2585.0,9.2,509,6,5,407725,3398710,506,5,5,-86.67,519,-85.0,170.0,190.06577808748213,-3,3.434948822922024,-13,6,0,3.9127868198892335
2965,2596301,407810.0,3398540.0,10,330,3,3,2585.0,9.2,509,6,5,407760,3398585,509,0,5,-80.6,519,-50.0,45.0,67.26812023536856,0,-18.012787504183336,-10,6,0,8.455598371470435
2966,2596301,407810.0,3398540.0,10,330,3,3,2585.0,9.2,509,6,5,407905,3398530,509,0,10,-95.36,519,95.0,-10.0,95.524865872714,0,-233.99099404250546,-10,6,0,5.976228793989439
2967,2596301,407810.0,3398540.0,10,330,3,3,2585.0,9.2,509,6,5,407765,3398590,509,0,5,-79.0,519,-45.0,50.0,67.26812023536856,0,-11.987212495816664,-10,6,0,8.455598371470435
2968,2596301,407810.0,3398540.0,10,330,3,3,2585.0,9.2,509,6,5,407875,3398500,507,0,6,-88.76,519,65.0,-40.0,76.32168761236873,-2,-208.39249775375106,-12,6,0,8.935419447903834
2969,2596301,407810.0,3398540.0,10,330,3,3,2585.0,9.2,509,6,5,407735,3398720,506,0,5,-85.0,519,-75.0,180.0,195.0,-3,7.3801350519595985,-13,6,0,3.8140748342903543
2970,2596301,407810.0,3398540.0,10,330,3,3,2585.0,9.2,509,6,5,407895,3398560,509,0,5,-87.47,519,85.0,20.0,87.32124598286491,0,-253.24051991518718,-10,6,0,6.533033075626061
2971,2596301,407810.0,3398540.0,10,330,3,3,2585.0,9.2,509,6,5,407750,3398695,506,0,15,-85.38,519,-60.0,155.0,166.20770138594662,-3,8.838740183171694,-13,6,0,4.47230650926629
2972,2596301,407810.0,3398540.0,10,330,3,3,2585.0,9.2,509,6,5,407860,3398485,507,0,13,-93.48,519,50.0,-55.0,74.33034373659252,-2,-192.27368900609372,-12,6,0,9.170787408743092
2973,2596301,407810.0,3398540.0,10,330,3,3,2585.0,9.2,509,6,5,407805,3398630,507,0,15,-77.75,519,-5.0,90.0,90.13878188659973,-2,26.82016988013578,-12,6,0,7.583086473236082
2974,2596301,407810.0,3398540.0,10,330,3,3,2585.0,9.2,509,6,5,407755,3398700,506,0,15,-86.49,519,-55.0,160.0,169.1892431568863,-3,11.029592191513473,-13,6,0,4.393804550743409
2975,2596301,407810.0,3398540.0,10,330,3,3,2585.0,9.2,509,6,5,407770,3398595,508,5,5,-81.17,519,-40.0,55.0,68.00735254367721,-1,-6.027373385103601,-11,6,0,9.18785958026441
2976,2596301,407810.0,3398540.0,10,330,3,3,2585.0,9.2,509,6,5,407855,3398520,508,0,6,-84.47,519,45.0,-20.0,49.24428900898052,-1,-216.0375110254218,-11,6,0,12.591796525644218
2977,2596301,407810.0,3398540.0,10,330,3,3,2585.0,9.2,509,6,5,407870,3398495,507,0,6,-90.78,519,60.0,-45.0,75.0,-2,-203.13010235415595,-12,6,0,9.090276920822323
2978,2596301,407810.0,3398540.0,10,330,3,3,2585.0,9.2,509,6,5,407840,3398505,507,0,13,-82.0,519,30.0,-35.0,46.09772228646444,-2,-190.6012946450045,-12,6,0,14.591203407659627
2979,2596301,407810.0,3398540.0,10,330,3,3,2585.0,9.2,509,6,5,407845,3398510,508,0,13,-87.43,519,35.0,-30.0,46.09772228646444,-1,-199.3987053549955,-11,6,0,13.421137939554741
2980,2596301,407810.0,3398540.0,10,330,3,3,2585.0,9.2,509,6,5,408190,3398815,508,0,5,-103.0,519,380.0,275.0,469.0682253148256,-1,-275.8926656877456,-11,6,0,1.3433825729035238
2981,2596301,407810.0,3398540.0,10,330,3,3,2585.0,9.2,509,6,5,408195,3398820,508,0,7,-102.0,519,385.0,280.0,476.0514678057405,-1,-276.0273733851036,-11,6,0,1.3236834344540445
2982,2596301,407810.0,3398540.0,10,330,3,3,2585.0,9.2,509,6,5,407880,3398545,509,0,5,-85.11,519,70.0,5.0,70.178344238091,0,-244.08561677997488,-10,6,0,8.10971651050075
2983,2596301,407810.0,3398540.0,10,330,3,3,2585.0,9.2,509,6,5,407820,3398605,508,0,15,-79.36,519,10.0,65.0,65.76473218982953,-1,-321.25383773744477,-11,6,0,9.495557505914315
2984,2596301,407810.0,3398540.0,10,330,3,3,2585.0,9.2,509,6,5,407890,3398555,509,0,5,-86.36,519,80.0,15.0,81.39410298049853,0,-250.61965527615513,-10,6,0,7.004202982116153
2985,2596301,407810.0,3398540.0,10,330,3,3,2585.0,9.2,509,6,5,407825,3398610,508,0,15,-82.5,519,15.0,70.0,71.58910531638176,-1,-317.9052429229879,-11,6,0,8.735444131760737
2986,2596301,407810.0,3398540.0,10,330,3,3,2585.0,9.2,509,6,5,407865,3398490,507,0,5,-91.97,519,55.0,-50.0,74.33034373659252,-2,-197.72631099390628,-12,6,0,9.170787408743092
2987,2596301,407810.0,3398540.0,10,330,3,3,2585.0,9.2,509,6,5,407775,3398600,508,5,5,-79.4,519,-35.0,60.0,69.46221994724903,-1,-0.25643716352925594,-11,6,0,8.99860404172194
2988,2596301,407810.0,3398540.0,10,330,3,3,2585.0,9.2,509,6,5,407885,3398550,509,0,13,-84.12,519,75.0,10.0,75.66372975210778,0,-247.59464336859145,-10,6,0,7.5287899532992935
2989,2596301,407810.0,3398540.0,10,330,3,3,2585.0,9.2,509,6,5,407970,3398475,509,0,13,-92.0,519,160.0,-65.0,172.69916039170545,0,-217.8905516562483,-10,6,0,3.313963564171249
2990,2596301,407810.0,3398540.0,10,330,3,3,2585.0,9.2,509,6,5,407800,3398625,507,0,5,-77.2,519,-10.0,85.0,85.58621384311844,-2,23.290163192243085,-12,6,0,7.981382611966811
2991,2596301,407810.0,3398540.0,10,330,3,3,2585.0,9.2,509,6,5,407745,3398690,507,5,15,-86.73,519,-65.0,150.0,163.47782724271815,-2,6.571307191254618,-12,6,0,4.198235658088468
2992,2596301,407810.0,3398540.0,10,330,3,3,2585.0,9.2,509,6,5,407915,3398540,509,0,10,-94.0,519,105.0,0.0,105.0,0,-240.0,-10,6,0,5.440332031005506
2993,2596301,407810.0,3398540.0,10,330,3,3,2585.0,9.2,509,6,5,407900,3398525,508,0,5,-94.13,519,90.0,-15.0,91.2414379544733,-1,-230.53767779197437,-11,6,0,6.874359535673192
2994,2596301,407810.0,3398540.0,10,330,3,3,2585.0,9.2,509,6,5,407975,3398480,509,0,13,-98.67,519,165.0,-60.0,175.57049866079439,0,-220.01689347810003,-10,6,0,3.259883758487909
2995,2596301,407810.0,3398540.0,10,330,3,3,2585.0,9.2,509,6,5,407910,3398535,509,0,10,-90.85,519,100.0,-5.0,100.12492197250393,0,-237.13759477388828,-10,6,0,5.703515256382996
2996,2596301,407810.0,3398540.0,10,330,3,3,2585.0,9.2,509,6,5,407850,3398515,508,0,5,-84.75,519,40.0,-25.0,47.16990566028302,-1,-207.99461679191648,-11,6,0,13.126751760351867
2997,2596301,407810.0,3398540.0,10,330,3,3,2585.0,9.2,509,6,5,407740,3398685,507,5,15,-86.25,519,-70.0,145.0,161.01242188104618,-2,4.2306723756613,-12,6,0,4.262283480318116
2998,2596301,407810.0,3398540.0,10,330,3,3,2585.0,9.2,509,6,5,407780,3398565,509,5,5,-89.0,519,-30.0,25.0,39.05124837953327,0,-20.19442890773479,-10,6,0,14.363302674070406
2999,2596301,407810.0,3398540.0,10,330,3,3,2585.0,9.2,509,6,5,407815,3398640,507,5,15,-86.63,519,5.0,100.0,100.12492197250393,-2,-327.1375947738882,-12,6,0,6.8343167507024605
3000,2596301,407810.0,3398540.0,10,330,3,3,2585.0,9.2,509,6,5,407635,3398585,504,0,5,-98.0,519,-175.0,45.0,180.6931099959265,-5,-45.579226872489016,-15,6,0,4.745452728540987
3001,2596301,407810.0,3398540.0,10,330,3,3,2585.0,9.2,509,6,5,407730,3398685,507,5,15,-85.5,519,-80.0,145.0,165.60495161679194,-2,1.1134182330893054,-12,6,0,4.1445002479709485
3002,2596301,407810.0,3398540.0,10,330,3,3,2585.0,9.2,509,6,5,407795,3398590,508,5,15,-92.5,519,-15.0,50.0,52.20153254455275,-1,13.300755766006375,-11,6,0,11.89938174128592
3003,2596301,407810.0,3398540.0,10,330,3,3,2585.0,9.2,509,6,5,407825,3398640,507,5,5,-74.5,519,15.0,100.0,101.11874208078342,-2,-321.46923439005184,-12,6,0,6.7677734720918235
3004,2596301,407810.0,3398540.0,10,330,3,3,2585.0,9.2,509,6,5,407790,3398585,508,5,15,-81.0,519,-20.0,45.0,49.24428900898052,-1,6.037511025421793,-11,6,0,12.591796525644218
3005,2596301,407810.0,3398540.0,10,330,3,3,2585.0,9.2,509,6,5,407805,3398620,507,0,5,-79.73,519,-5.0,80.0,80.15609770940699,-2,26.423665625002627,-12,6,0,8.514396346499817
3006,2596301,407810.0,3398540.0,10,330,3,3,2585.0,9.2,509,6,5,407785,3398600,508,0,15,-78.3,519,-25.0,60.0,65.0,-1,7.3801350519595985,-11,6,0,9.605204155012947
3007,2596301,407810.0,3398540.0,10,330,3,3,2585.0,9.2,509,6,5,407755,3398710,506,0,15,-87.46,519,-55.0,170.0,178.67568385205638,-3,12.072080237992736,-13,6,0,4.161366327132415
3008,2596301,407810.0,3398540.0,10,330,3,3,2585.0,9.2,509,6,5,407965,3398460,509,0,5,-99.0,519,155.0,-80.0,174.42763542512407,0,-212.70042778866718,-10,6,0,3.281196249552346
3009,2596301,407810.0,3398540.0,10,330,3,3,2585.0,9.2,509,6,5,407905,3398560,509,0,5,-86.53,519,95.0,20.0,97.082439194738,0,-251.888658039628,-10,6,0,5.881024693804078
3010,2596301,407810.0,3398540.0,10,330,3,3,2585.0,9.2,509,6,5,407860,3398515,508,0,6,-84.95,519,50.0,-25.0,55.90169943749474,-1,-213.43494882292202,-11,6,0,11.132094625040832
3011,2596301,407810.0,3398540.0,10,330,3,3,2585.0,9.2,509,6,5,407900,3398555,509,0,10,-89.42,519,90.0,15.0,91.2414379544733,0,-249.46232220802563,-10,6,0,6.254614967760454
3012,2596301,407810.0,3398540.0,10,330,3,3,2585.0,9.2,509,6,5,408170,3398805,508,0,5,-102.0,519,360.0,265.0,447.017896733453,-1,-276.3571974199955,-11,6,0,1.4096223283198202
3013,2596301,407810.0,3398540.0,10,330,3,3,2585.0,9.2,509,6,5,407735,3398690,507,5,15,-84.67,519,-75.0,150.0,167.70509831248424,-2,3.434948822922024,-12,6,0,4.092776755788449
3014,2596301,407810.0,3398540.0,10,330,3,3,2585.0,9.2,509,6,5,407745,3398720,506,0,5,-89.6,519,-65.0,180.0,191.3765920900464,-3,10.144785630678939,-13,6,0,3.8860689916843483
3015,2596301,407810.0,3398540.0,10,330,3,3,2585.0,9.2,509,6,5,407865,3398520,508,0,5,-83.6,519,55.0,-20.0,58.52349955359813,-1,-220.01689347810003,-11,6,0,10.6450413106791
3016,2596301,407810.0,3398540.0,10,330,3,3,2585.0,9.2,509,6,5,407740,3398715,506,0,5,-89.13,519,-70.0,175.0,188.48076824970764,-3,8.198590513648185,-13,6,0,3.945587507153158
3017,2596301,407810.0,3398540.0,10,330,3,3,2585.0,9.2,509,6,5,407885,3398540,509,0,13,-82.5,519,75.0,0.0,75.0,0,-240.0,-10,6,0,7.594643368591445
3018,2596301,407810.0,3398540.0,10,330,3,3,2585.0,9.2,509,6,5,407750,3398705,506,0,15,-87.14,519,-60.0,165.0,175.57049866079439,-3,10.01689347810003,-13,6,0,4.234699904468273
3019,2596301,407810.0,3398540.0,10,330,3,3,2585.0,9.2,509,6,5,407870,3398505,508,0,6,-86.74,519,60.0,-35.0,69.46221994724903,-1,-209.74356283647074,-11,6,0,8.99860404172194
3020,2596301,407810.0,3398540.0,10,330,3,3,2585.0,9.2,509,6,5,407845,3398500,507,5,13,-90.0,519,35.0,-40.0,53.150729063673246,-2,-191.18592516570965,-12,6,0,12.722532480000554
3021,2596301,407810.0,3398540.0,10,330,3,3,2585.0,9.2,509,6,5,407880,3398535,509,0,5,-81.5,519,70.0,-5.0,70.178344238091,0,-235.91438322002512,-10,6,0,8.10971651050075
3022,2596301,407810.0,3398540.0,10,330,3,3,2585.0,9.2,509,6,5,407815,3398610,507,0,15,-76.35,519,5.0,70.0,70.178344238091,-2,-325.9143832200251,-12,6,0,9.703328409197852
3023,2596301,407810.0,3398540.0,10,330,3,3,2585.0,9.2,509,6,5,407850,3398485,507,0,13,-92.36,519,40.0,-55.0,68.00735254367721,-2,-186.0273733851036,-12,6,0,10.006919670019558
3024,2596301,407810.0,3398540.0,10,330,3,3,2585.0,9.2,509,6,5,407765,3398580,509,0,15,-76.5,519,-45.0,40.0,60.207972893961475,0,-18.36646066342979,-10,6,0,9.430225138005694
3025,2596301,407810.0,3398540.0,10,330,3,3,2585.0,9.2,509,6,5,407840,3398495,507,5,13,-92.0,519,30.0,-45.0,54.08326913195984,-2,-183.69006752597977,-12,6,0,12.510125476930867
3026,2596301,407810.0,3398540.0,10,330,3,3,2585.0,9.2,509,6,5,407810,3398605,508,0,15,-73.67,519,0.0,65.0,65.0,-1,-330.0,-11,6,0,9.605204155012947
3027,2596301,407810.0,3398540.0,10,330,3,3,2585.0,9.2,509,6,5,407910,3398545,509,0,10,-88.22,519,100.0,5.0,100.12492197250393,0,-242.86240522611172,-10,6,0,5.703515256382996
3028,2596301,407810.0,3398540.0,10,330,3,3,2585.0,9.2,509,6,5,407855,3398490,507,0,13,-89.22,519,45.0,-50.0,67.26812023536856,-2,-191.9872124958166,-12,6,0,10.114630525600234
3029,2596301,407810.0,3398540.0,10,330,3,3,2585.0,9.2,509,6,5,407895,3398530,509,0,10,-89.25,519,85.0,-10.0,85.58621384311844,0,-233.29016319224309,-10,6,0,6.664293276132566
3030,2596301,407810.0,3398540.0,10,330,3,3,2585.0,9.2,509,6,5,407915,3398550,509,0,5,-88.9,519,105.0,10.0,105.47511554864494,0,-245.44033203100548,-10,6,0,5.415971951341969
3031,2596301,407810.0,3398540.0,10,330,3,3,2585.0,9.2,509,6,5,407890,3398525,508,0,13,-94.33,519,80.0,-15.0,81.39410298049853,-1,-229.38034472384487,-11,6,0,7.696602619318572
3032,2596301,407810.0,3398540.0,10,330,3,3,2585.0,9.2,509,6,5,407835,3398630,508,0,5,-79.78,519,25.0,90.0,93.40770846134703,-1,-314.47588900324575,-11,6,0,6.716405928399258
3033,2596301,407810.0,3398540.0,10,330,3,3,2585.0,9.2,509,6,5,407780,3398595,508,0,15,-80.64,519,-30.0,55.0,62.64982043070834,-1,1.3895403340347912,-11,6,0,9.958437191788251
3034,2596301,407810.0,3398540.0,10,330,3,3,2585.0,9.2,509,6,5,407760,3398575,509,0,15,-76.0,519,-50.0,35.0,61.032778078668514,0,-25.007979801441365,-10,6,0,9.305027682630422
3035,2596301,407810.0,3398540.0,10,330,3,3,2585.0,9.2,509,6,5,407875,3398510,508,0,6,-86.91,519,65.0,-30.0,71.58910531638176,-1,-215.22485943116806,-11,6,0,8.735444131760737
3036,2596301,407810.0,3398540.0,10,330,3,3,2585.0,9.2,509,6,5,407800,3398615,507,5,5,-83.0,519,-10.0,75.0,75.66372975210778,-2,22.40535663140855,-12,6,0,9.011850395252566
3037,2596301,407810.0,3398540.0,10,330,3,3,2585.0,9.2,509,6,5,407830,3398625,508,0,5,-75.0,519,20.0,85.0,87.32124598286491,-1,-316.7594800848128,-11,6,0,7.179823810334801
3038,2596301,407810.0,3398540.0,10,330,3,3,2585.0,9.2,509,6,5,407765,3398745,506,5,6,-97.0,519,-45.0,205.0,209.88091861815357,-3,17.61924307119284,-13,6,0,3.5443659205626736
3039,2596301,407810.0,3398540.0,10,330,3,3,2585.0,9.2,509,6,5,407790,3398740,506,0,15,-101.33,519,-20.0,200.0,200.9975124224178,-3,24.289406862500357,-13,6,0,3.7005887264352437
3040,2596301,407810.0,3398540.0,10,330,3,3,2585.0,9.2,509,6,5,407805,3398785,506,0,15,-103.5,519,-5.0,245.0,245.05101509685693,-3,28.83086067209257,-13,6,0,3.036704689313137
3041,2596301,407810.0,3398540.0,10,330,3,3,2585.0,9.2,509,6,5,407780,3398730,506,0,6,-102.33,519,-30.0,190.0,192.35384061671346,-3,21.0273733851036,-13,6,0,3.866385956122411
3042,2596301,407810.0,3398540.0,10,330,3,3,2585.0,9.2,509,6,5,407800,3398790,506,0,15,-99.5,519,-10.0,250.0,250.19992006393608,-3,27.709389957361452,-13,6,0,2.9743252348792737
3043,2596301,407810.0,3398540.0,10,330,3,3,2585.0,9.2,509,6,5,407795,3398735,506,5,15,-98.5,519,-15.0,195.0,195.57607215607945,-3,25.601294645004486,-13,6,0,3.8028734351733577
3044,2596301,407810.0,3398540.0,10,330,3,3,2585.0,9.2,509,6,5,407785,3398725,506,5,6,-97.0,519,-25.0,185.0,186.6815470259447,-3,22.30394827798341,-13,6,0,3.9834929087348847
3045,2596301,407810.0,3398540.0,10,330,3,3,2585.0,9.2,509,6,5,408050,3398560,507,6,10,-86.0,519,240.0,20.0,240.8318915758459,-2,-244.76364169072616,-12,6,0,2.852534144970442
3046,2596301,407810.0,3398540.0,10,330,3,3,2585.0,9.2,509,6,5,408080,3398645,505,0,5,-98.0,519,270.0,105.0,289.69811873741946,-4,-261.25050550713325,-14,6,0,2.7667329884863987
3047,2596301,407810.0,3398540.0,10,330,3,3,2585.0,9.2,509,6,5,407855,3398740,507,5,5,-101.0,519,45.0,200.0,205.0,-2,-317.31961650818016,-12,6,0,3.3500763975014807
3048,2596301,407810.0,3398540.0,10,330,3,3,2585.0,9.2,509,6,5,408060,3398625,505,0,5,-104.0,519,250.0,85.0,264.0549185302179,-4,-258.7780332224455,-14,6,0,3.0349389633262827
3049,2596301,407810.0,3398540.0,10,330,3,3,2585.0,9.2,509,6,5,408065,3398630,505,0,5,-96.6,519,255.0,90.0,270.4163456597992,-4,-259.4400348281762,-14,6,0,2.9636721513680997
3050,2596301,407810.0,3398540.0,10,330,3,3,2585.0,9.2,509,6,5,408070,3398635,505,0,6,-98.67,519,260.0,95.0,276.81221071332817,-4,-260.0715258645387,-14,6,0,2.8953131207860094
3051,2596301,407810.0,3398540.0,10,330,3,3,2585.0,9.2,509,6,5,408125,3398690,507,18,5,-113.5,519,315.0,150.0,348.89110048839024,-2,-265.4633450618716,-12,6,0,1.9698938239365393
3052,2596301,407810.0,3398540.0,10,330,3,3,2585.0,9.2,509,6,5,408035,3398600,506,96,13,-93.67,519,225.0,60.0,232.86262044390037,-3,-254.93141717813756,-13,6,0,3.1953293767546445
3053,2596301,407810.0,3398540.0,10,330,3,3,2585.0,9.2,509,6,5,408120,3398685,507,0,5,-112.6,519,310.0,145.0,342.23529917295207,-2,-265.0674634380605,-12,6,0,2.008173303563453
3054,2596301,407810.0,3398540.0,10,330,3,3,2585.0,9.2,509,6,5,408130,3398695,507,18,5,-113.2,519,320.0,155.0,355.5629339512205,-2,-265.84438755456034,-12,6,0,1.9329587640436554
3055,2596301,407810.0,3398540.0,10,330,3,3,2585.0,9.2,509,6,5,408005,3398570,508,96,13,-91.5,519,195.0,30.0,197.29419656948858,-1,-248.74616226255523,-11,6,0,3.191182226047106
3056,2596301,407810.0,3398540.0,10,330,3,3,2585.0,9.2,509,6,5,408085,3398650,505,0,5,-109.5,519,275.0,110.0,296.1840643923977,-4,-261.8014094863518,-14,6,0,2.70623714571125
3057,2596301,407810.0,3398540.0,10,330,3,3,2585.0,9.2,509,6,5,408010,3398575,507,96,13,-98.5,519,200.0,35.0,203.03940504246953,-2,-249.9262455066517,-12,6,0,3.3823507561040054
3058,2596301,407810.0,3398540.0,10,330,3,3,2585.0,9.2,509,6,5,407850,3398735,507,5,15,-103.0,519,40.0,195.0,199.06029237394384,-2,-318.4078245897089,-12,6,0,3.449800509829931
3059,2596301,407810.0,3398540.0,10,330,3,3,2585.0,9.2,509,6,5,407600,3398940,506,0,15,-107.5,519,-210.0,400.0,451.7742799230607,-3,2.3005271919449797,-13,6,0,1.648255965990452
3060,2596301,407810.0,3398540.0,10,330,3,3,2585.0,9.2,509,6,5,407565,3398975,508,0,5,-103.5,519,-245.0,435.0,499.24943665466463,-1,0.610988533679631,-11,6,0,1.2621979539757424
3061,2596301,407810.0,3398540.0,10,330,3,3,2585.0,9.2,509,6,5,407530,3399010,507,0,6,-104.0,519,-280.0,470.0,547.0831746635972,-2,-0.784146526326424,-12,6,0,1.2565532128040953
3062,2596301,407810.0,3398540.0,10,330,3,3,2585.0,9.2,509,6,5,407650,3398560,506,0,5,-100.5,519,-160.0,20.0,161.24515496597098,-3,-52.874983651098205,-13,6,0,4.609363720543608
3063,2596301,407810.0,3398540.0,10,330,3,3,2585.0,9.2,509,6,5,407675,3398535,508,5,15,-90.0,519,-135.0,-5.0,135.09256086106296,-1,-62.12109639666147,-11,6,0,4.655076462966485
3064,2596301,407810.0,3398540.0,10,330,3,3,2585.0,9.2,509,6,5,407670,3398540,508,0,15,-96.5,519,-140.0,0.0,140.0,-1,-60.0,-11,6,0,4.492581479915314
3065,2596301,407810.0,3398540.0,10,330,3,3,2585.0,9.2,509,6,5,407660,3398530,507,0,5,-99.5,519,-150.0,-10.0,150.33296378372907,-2,-63.81407483429035,-12,6,0,4.563833589535156
3066,2596301,407810.0,3398540.0,10,330,3,3,2585.0,9.2,509,6,5,407645,3398850,505,0,15,-98.5,519,-165.0,310.0,351.17659375305755,-4,1.975499467929751,-14,6,0,2.2829436403310495
3067,2596301,407810.0,3398540.0,10,330,3,3,2585.0,9.2,509,6,5,407640,3398395,504,0,13,-94.0,519,-170.0,-145.0,223.4390297150433,-5,-100.46222749209338,-15,6,0,3.840640921593344
3068,2596301,407810.0,3398540.0,10,330,3,3,2585.0,9.2,509,6,5,407645,3398400,504,0,13,-84.5,519,-165.0,-140.0,216.390850083824,-5,-100.3141001604973,-15,6,0,3.9653436385726066
3069,2596301,407810.0,3398540.0,10,330,3,3,2585.0,9.2,509,6,5,407750,3398760,507,0,6,-100.0,519,-60.0,220.0,228.0350850198276,-2,14.744881296942197,-12,6,0,3.0123248165393455
3070,2596301,407810.0,3398540.0,10,330,3,3,2585.0,9.2,509,6,5,407735,3398735,506,0,15,-91.0,519,-75.0,195.0,208.92582415776178,-3,8.962488974578207,-13,6,0,3.5605272330270576
3071,2596301,407810.0,3398540.0,10,330,3,3,2585.0,9.2,509,6,5,407730,3398740,507,0,15,-90.0,519,-80.0,200.0,215.40659228538016,-2,8.198590513648185,-12,6,0,3.188571948517703
3072,2596301,407810.0,3398540.0,10,330,3,3,2585.0,9.2,509,6,5,407665,3398495,506,5,5,-95.5,519,-145.0,-45.0,151.82226450688975,-3,-77.24145939893998,-13,6,0,4.894095928191847
3073,2596301,407810.0,3398540.0,10,330,3,3,2585.0,9.2,509,6,5,407640,3398520,506,0,15,-95.0,519,-170.0,-20.0,171.1724276862369,-3,-66.70983680775691,-13,6,0,4.343094333887982
3074,2596301,407810.0,3398540.0,10,330,3,3,2585.0,9.2,509,6,5,408000,3398540,509,6,10,-101.67,519,190.0,0.0,190.0,0,-240.0,-10,6,0,3.0127875041833403
3075,2596301,407810.0,3398540.0,10,330,3,3,2585.0,9.2,509,6,5,407795,3398785,506,0,15,-100.5,519,-15.0,245.0,245.45875417267155,-3,26.49646835521554,-13,6,0,3.031669743704313
3076,2596301,407810.0,3398540.0,10,330,3,3,2585.0,9.2,509,6,5,408005,3398535,509,6,5,-101.86,519,195.0,-5.0,195.0640920313116,0,-238.5311992856142,-10,6,0,2.934710561310194
3077,2596301,407810.0,3398540.0,10,330,3,3,2585.0,9.2,509,6,5,407600,3398935,506,0,5,-107.5,519,-210.0,395.0,447.3533279187716,-3,2.0028526387573606,-13,6,0,1.6645356731802559
3078,2596301,407810.0,3398540.0,10,330,3,3,2585.0,9.2,509,6,5,407585,3399000,506,0,6,-106.5,519,-225.0,460.0,512.0790954530364,-3,3.935335921714227,-13,6,0,1.4542385900265864
3079,2596301,407810.0,3398540.0,10,330,3,3,2585.0,9.2,509,6,5,408175,3398745,508,0,13,-102.5,519,365.0,205.0,418.6287137786896,-1,-269.32047587758075,-11,6,0,1.5051728721365558
3080,2596301,407810.0,3398540.0,10,330,3,3,2585.0,9.2,509,6,5,407805,3398715,506,5,5,-91.5,519,-5.0,175.0,175.07141400011596,-3,28.363422958383296,-13,6,0,4.246727868596549
3081,2596301,407810.0,3398540.0,10,330,3,3,2585.0,9.2,509,6,5,407800,3398720,506,5,15,-100.44,519,-10.0,180.0,180.27756377319946,-3,26.82016988013578,-13,6,0,4.124518139862883
3082,2596301,407810.0,3398540.0,10,330,3,3,2585.0,9.2,509,6,5,407695,3398585,508,0,15,-96.5,519,-115.0,45.0,123.4908903522847,-1,-38.62937773065681,-11,6,0,5.090210002741232
3083,2596301,407810.0,3398540.0,10,330,3,3,2585.0,9.2,509,6,5,407850,3398430,505,6,13,-95.5,519,40.0,-110.0,117.04699910719626,-4,-169.98310652190003,-14,6,0,6.820748320365754
3084,2596301,407810.0,3398540.0,10,330,3,3,2585.0,9.2,509,6,5,407950,3398490,509,96,5,-90.75,519,140.0,-50.0,148.66068747318505,0,-220.34617594194668,-10,6,0,3.8483337712111756
3085,2596301,407810.0,3398540.0,10,330,3,3,2585.0,9.2,509,6,5,407990,3398530,509,6,5,-95.5,519,180.0,-10.0,180.27756377319946,0,-236.82016988013578,-10,6,0,3.17494432830295
3086,2596301,407810.0,3398540.0,10,330,3,3,2585.0,9.2,509,6,5,407765,3398675,507,0,15,-83.86,519,-45.0,135.0,142.30249470757707,-2,11.565051177077976,-12,6,0,4.820200288190663
3087,2596301,407810.0,3398540.0,10,330,3,3,2585.0,9.2,509,6,5,407885,3398475,507,6,13,-92.44,519,75.0,-65.0,99.24716620639605,-2,-199.08561677997488,-12,6,0,6.894181180788956
3088,2596301,407810.0,3398540.0,10,330,3,3,2585.0,9.2,509,6,5,407775,3398665,507,0,15,-83.93,519,-35.0,125.0,129.80754985747168,-2,14.357753542791272,-12,6,0,5.281670745198774
3089,2596301,407810.0,3398540.0,10,330,3,3,2585.0,9.2,509,6,5,407960,3398560,509,6,10,-91.5,519,150.0,20.0,151.32745950421557,0,-247.59464336859145,-10,6,0,3.78071485282813
3090,2596301,407810.0,3398540.0,10,330,3,3,2585.0,9.2,509,6,5,407880,3398480,507,0,6,-92.16,519,70.0,-60.0,92.19544457292888,-2,-199.3987053549955,-12,6,0,7.415829709624493
3091,2596301,407810.0,3398540.0,10,330,3,3,2585.0,9.2,509,6,5,408160,3398760,508,0,5,-93.0,519,350.0,220.0,413.40053217188773,-1,-272.15229514128237,-11,6,0,1.5241995243779145
3092,2596301,407810.0,3398540.0,10,330,3,3,2585.0,9.2,509,6,5,407780,3398660,507,0,15,-81.22,519,-30.0,120.0,123.69316876852982,-2,15.963756532073546,-12,6,0,5.541166443639222
3093,2596301,407810.0,3398540.0,10,330,3,3,2585.0,9.2,509,6,5,407770,3398670,507,0,15,-85.2,519,-40.0,130.0,136.01470508735443,-2,12.89727103094765,-12,6,0,5.041908719993159
3094,2596301,407810.0,3398540.0,10,330,3,3,2585.0,9.2,509,6,5,407760,3398680,507,0,5,-83.5,519,-50.0,140.0,148.66068747318505,-2,10.346175941946683,-12,6,0,4.614951383964139
3095,2596301,407810.0,3398540.0,10,330,3,3,2585.0,9.2,509,6,5,407795,3398645,507,0,15,-74.59,519,-15.0,105.0,106.06601717798213,-2,21.86989764584405,-12,6,0,6.454830247455114
3096,2596301,407810.0,3398540.0,10,330,3,3,2585.0,9.2,509,6,5,407935,3398505,508,0,6,-93.53,519,125.0,-35.0,129.80754985747168,-1,-224.35775354279127,-11,6,0,4.843719979143165
3097,2596301,407810.0,3398540.0,10,330,3,3,2585.0,9.2,509,6,5,407975,3398545,509,0,5,-96.5,519,165.0,5.0,165.07574019219177,0,-241.7357045889284,-10,6,0,3.4666418446304337
3098,2596301,407810.0,3398540.0,10,330,3,3,2585.0,9.2,509,6,5,407785,3398655,507,0,5,-79.97,519,-25.0,115.0,117.6860229593982,-2,17.73522627210758,-12,6,0,5.822112513447329
3099,2596301,407810.0,3398540.0,10,330,3,3,2585.0,9.2,509,6,5,407925,3398515,508,0,5,-95.87,519,115.0,-25.0,117.6860229593982,-1,-227.73522627210758,-11,6,0,5.33986725558571
3100,2596301,407810.0,3398540.0,10,330,3,3,2585.0,9.2,509,6,5,407930,3398510,508,0,6,-89.22,519,120.0,-30.0,123.69316876852982,-1,-225.9637565320735,-11,6,0,5.081929484202042
3101,2596301,407810.0,3398540.0,10,330,3,3,2585.0,9.2,509,6,5,407940,3398500,508,0,5,-84.0,519,130.0,-40.0,136.01470508735443,-1,-222.89727103094765,-11,6,0,4.623653560883869
3102,2596301,407810.0,3398540.0,10,330,3,3,2585.0,9.2,509,6,5,407905,3398455,506,0,5,-90.0,519,95.0,-85.0,127.47548783981962,-3,-198.17983011986428,-13,6,0,5.822915528381648
3103,2596301,407810.0,3398540.0,10,330,3,3,2585.0,9.2,509,6,5,407965,3398555,509,6,10,-90.5,519,155.0,15.0,155.72411502397438,0,-245.52754015165618,-10,6,0,3.674268221706571
3104,2596301,407810.0,3398540.0,10,330,3,3,2585.0,9.2,509,6,5,407980,3398540,509,0,5,-95.67,519,170.0,0.0,170.0,0,-240.0,-10,6,0,3.3664606634298013
3105,2596301,407810.0,3398540.0,10,330,3,3,2585.0,9.2,509,6,5,407945,3398495,509,96,5,-89.71,519,135.0,-45.0,142.30249470757707,0,-221.56505117707798,-10,6,0,4.019728821855589
3106,2596301,407810.0,3398540.0,10,330,3,3,2585.0,9.2,509,6,5,407900,3398460,506,0,5,-96.33,519,90.0,-80.0,120.41594578792295,-3,-198.36646066342985,-13,6,0,6.161737402067999
3107,2596301,407810.0,3398540.0,10,330,3,3,2585.0,9.2,509,6,5,407790,3398650,507,0,15,-76.7,519,-20.0,110.0,111.80339887498948,-2,19.695153531233984,-12,6,0,6.126175694914323
3108,2596301,407810.0,3398540.0,10,330,3,3,2585.0,9.2,509,6,5,407895,3398465,506,6,5,-92.67,519,85.0,-75.0,113.35784048754634,-3,-198.57633437499737,-13,6,0,6.542161694264569
3109,2596301,407810.0,3398540.0,10,330,3,3,2585.0,9.2,509,6,5,407890,3398470,506,6,13,-98.17,519,80.0,-70.0,106.30145812734649,-3,-198.81407483429035,-13,6,0,6.9722925319036975
3110,2596301,407810.0,3398540.0,10,330,3,3,2585.0,9.2,509,6,5,407740,3398620,508,5,5,-88.0,519,-70.0,80.0,106.30145812734649,-1,-11.185925165709648,-11,6,0,5.907899585369998
3111,2596301,407810.0,3398540.0,10,330,3,3,2585.0,9.2,509,6,5,408165,3398755,508,0,6,-91.5,519,355.0,215.0,415.03011938894264,-1,-271.20051460398065,-11,6,0,1.5182176662822902
3112,2596301,407810.0,3398540.0,10,330,3,3,2585.0,9.2,509,6,5,407920,3398520,508,0,5,-91.08,519,110.0,-20.0,111.80339887498948,-1,-229.69515353123398,-11,6,0,5.619075027796313
3113,2596301,407810.0,3398540.0,10,330,3,3,2585.0,9.2,509,6,5,407955,3398485,509,96,5,-95.2,519,145.0,-55.0,155.08062419270823,0,-219.22774531795415,-10,6,0,3.689472189832271
3114,2596301,407810.0,3398540.0,10,330,3,3,2585.0,9.2,509,6,5,407995,3398525,509,6,5,-102.67,519,185.0,-15.0,185.60711193270586,0,-235.36453657309733,-10,6,0,3.0839571116275177
3115,2596301,407810.0,3398540.0,10,330,3,3,2585.0,9.2,509,6,5,407985,3398535,509,0,5,-96.2,519,175.0,-5.0,175.07141400011596,0,-238.3634229583833,-10,6,0,3.269156741030331
3116,2596301,407810.0,3398540.0,10,330,3,3,2585.0,9.2,509,6,5,407675,3398425,505,0,13,-100.33,519,-135.0,-115.0,177.341478509682,-4,-100.42607874009914,-14,6,0,4.513781990282363
3117,2596301,407810.0,3398540.0,10,330,3,3,2585.0,9.2,509,6,5,407485,3398325,507,0,5,-90.5,519,-325.0,-215.0,389.6793553679743,-2,-93.486168815513,-12,6,0,1.7638402777584044
3118,2596301,407810.0,3398540.0,10,330,3,3,2585.0,9.2,509,6,5,408085,3398670,506,0,13,-100.0,519,275.0,130.0,304.1792234851026,-3,-265.3013786254197,-13,6,0,2.4472155811869536
3119,2596301,407810.0,3398540.0,10,330,3,3,2585.0,9.2,509,6,5,408145,3398690,507,0,5,-116.0,519,335.0,150.0,367.0490430446591,-2,-264.1209831194426,-12,6,0,1.8725142134790267
3120,2596301,407810.0,3398540.0,10,330,3,3,2585.0,9.2,509,6,5,407875,3398740,507,0,15,-102.0,519,65.0,200.0,210.2974084481309,-2,-311.9958383940866,-12,6,0,3.2658727269910846
3121,2596301,407810.0,3398540.0,10,330,3,3,2585.0,9.2,509,6,5,408080,3398665,506,0,5,-102.5,519,270.0,125.0,297.5315109362368,-3,-264.8423891054552,-13,6,0,2.501824722790011
3122,2596301,407810.0,3398540.0,10,330,3,3,2585.0,9.2,509,6,5,408050,3398635,505,0,5,-97.8,519,240.0,95.0,258.11818998280614,-4,-261.59531044896767,-14,6,0,3.104607656764621
3123,2596301,407810.0,3398540.0,10,330,3,3,2585.0,9.2,509,6,5,408040,3398625,505,0,13,-93.8,519,230.0,85.0,245.20399670478457,-4,-260.2825590889166,-14,6,0,3.2677729498227266
3124,2596301,407810.0,3398540.0,10,330,3,3,2585.0,9.2,509,6,5,408045,3398630,505,0,13,-90.5,519,235.0,90.0,251.6445906432324,-4,-260.9557767306322,-14,6,0,3.1843119061804903
3125,2596301,407810.0,3398540.0,10,330,3,3,2585.0,9.2,509,6,5,408055,3398640,505,0,5,-92.13,519,245.0,100.0,264.62237244798484,-4,-262.2034785320574,-14,6,0,3.0284429942706037
3126,2596301,407810.0,3398540.0,10,330,3,3,2585.0,9.2,509,6,5,408070,3398615,505,0,6,-97.5,519,260.0,75.0,270.60118255469615,-4,-256.0908163488522,-14,6,0,2.9616513901665287
3127,2596301,407810.0,3398540.0,10,330,3,3,2585.0,9.2,509,6,5,408005,3398590,507,96,13,-92.56,519,195.0,50.0,201.30822139197394,-2,-254.3813945910906,-12,6,0,3.4113694446022698
3128,2596301,407810.0,3398540.0,10,330,3,3,2585.0,9.2,509,6,5,408000,3398585,507,96,13,-95.0,519,190.0,45.0,195.25624189766637,-2,-253.3245312618908,-12,6,0,3.5168436513353463
3129,2596301,407810.0,3398540.0,10,330,3,3,2585.0,9.2,509,6,5,408010,3398595,507,96,13,-98.75,519,200.0,55.0,207.4246851269154,-2,-255.37625124882618,-12,6,0,3.3110034102842327
3130,2596301,407810.0,3398540.0,10,330,3,3,2585.0,9.2,509,6,5,408130,3398715,507,0,5,-89.0,519,320.0,175.0,364.72592449673766,-2,-268.673146489435,-12,6,0,1.8844326041197295
3131,2596301,407810.0,3398540.0,10,330,3,3,2585.0,9.2,509,6,5,408015,3398600,507,96,13,-93.0,519,205.0,60.0,213.60009363293827,-2,-256.31385242626055,-12,6,0,3.2154825851783837
3132,2596301,407810.0,3398540.0,10,330,3,3,2585.0,9.2,509,6,5,407905,3398685,509,5,15,-93.0,519,95.0,145.0,173.34935823359717,0,-296.76828893202065,-10,6,0,3.3015611159753977
3133,2596301,407810.0,3398540.0,10,330,3,3,2585.0,9.2,509,6,5,407810,3398480,506,6,5,-91.0,519,0.0,-60.0,60.0,-3,-150.0,-13,6,0,12.225122675735753
3134,2596301,407810.0,3398540.0,10,330,3,3,2585.0,9.2,509,6,5,407680,3398510,507,0,5,-91.33,519,-130.0,-30.0,133.41664064126334,-2,-72.99461679191648,-12,6,0,5.139570543961399
3135,2596301,407810.0,3398540.0,10,330,3,3,2585.0,9.2,509,6,5,408115,3398735,507,0,13,-94.0,519,305.0,195.0,362.008287197959,-2,-272.59258147259925,-12,6,0,1.898568938886812
3136,2596301,407810.0,3398540.0,10,330,3,3,2585.0,9.2,509,6,5,407755,3398535,510,0,6,-91.4,519,-55.0,-5.0,55.226805085936306,1,-65.19442890773479,-9,6,0,9.255804762401157
3137,2596301,407810.0,3398540.0,10,330,3,3,2585.0,9.2,509,6,5,407745,3398525,510,0,6,-94.0,519,-65.0,-15.0,66.70832032063167,1,-72.99461679191648,-9,6,0,7.683704360641303
3138,2596301,407810.0,3398540.0,10,330,3,3,2585.0,9.2,509,6,5,407805,3398465,506,6,13,-91.67,519,-5.0,-75.0,75.16648189186454,-3,-146.18592516570965,-13,6,0,9.812207980876279
3139,2596301,407810.0,3398540.0,10,330,3,3,2585.0,9.2,509,6,5,408155,3398775,508,0,13,-91.5,519,345.0,235.0,417.43262929483603,-1,-274.26110289909457,-11,6,0,1.5094837047141698
3140,2596301,407810.0,3398540.0,10,330,3,3,2585.0,9.2,509,6,5,407940,3398570,509,6,5,-88.11,519,130.0,30.0,133.41664064126334,0,-252.99461679191648,-10,6,0,4.286485103811266
3141,2596301,407810.0,3398540.0,10,330,3,3,2585.0,9.2,509,6,5,407865,3398645,508,0,5,-90.89,519,55.0,105.0,118.53269591129698,-1,-302.35402463626133,-11,6,0,5.301943002181076
3142,2596301,407810.0,3398540.0,10,330,3,3,2585.0,9.2,509,6,5,408140,3398770,508,0,13,-97.43,519,330.0,230.0,402.24370722237535,-1,-274.87532834460217,-11,6,0,1.566454676211377
3143,2596301,407810.0,3398540.0,10,330,3,3,2585.0,9.2,509,6,5,408145,3398765,508,0,13,-97.75,519,335.0,225.0,403.54677547962143,-1,-273.8869594640517,-11,6,0,1.561399041002113
3144,2596301,407810.0,3398540.0,10,330,3,3,2585.0,9.2,509,6,5,407990,3398620,506,0,10,-88.69,519,180.0,80.0,196.9771560359221,-3,-263.96248897457815,-13,6,0,3.775902408522455
3145,2596301,407810.0,3398540.0,10,330,3,3,2585.0,9.2,509,6,5,407800,3398470,506,6,13,-97.4,519,-10.0,-70.0,70.71067811865476,-3,-141.86989764584402,-13,6,0,10.417371405393052
3146,2596301,407810.0,3398540.0,10,330,3,3,2585.0,9.2,509,6,5,407860,3398650,508,0,12,-87.67,519,50.0,110.0,120.83045973594572,-1,-305.55604521958344,-11,6,0,5.2016773872702
3147,2596301,407810.0,3398540.0,10,330,3,3,2585.0,9.2,509,6,5,408100,3398730,507,0,5,-94.57,519,290.0,190.0,346.69871646719434,-2,-273.23171106797935,-12,6,0,1.982340737252225
3148,2596301,407810.0,3398540.0,10,330,3,3,2585.0,9.2,509,6,5,408090,3398760,508,0,6,-111.0,519,280.0,220.0,356.08987629529713,-1,-278.15722658736905,-11,6,0,1.7693657031851786
3149,2596301,407810.0,3398540.0,10,330,3,3,2585.0,9.2,509,6,5,407850,3398680,507,5,15,-92.5,519,40.0,140.0,145.60219778561037,-2,-314.05460409907715,-12,6,0,4.711460148278635
3150,2596301,407810.0,3398540.0,10,330,3,3,2585.0,9.2,509,6,5,407995,3398615,506,0,13,-87.4,519,185.0,75.0,199.6246477767713,-3,-262.0678995624102,-13,6,0,3.72596708052378
3151,2596301,407810.0,3398540.0,10,330,3,3,2585.0,9.2,509,6,5,407985,3398605,507,0,5,-89.0,519,175.0,65.0,186.6815470259447,-2,-260.3764352138364,-12,6,0,3.6779463349090333
3152,2596301,407810.0,3398540.0,10,330,3,3,2585.0,9.2,509,6,5,407870,3398660,508,0,12,-88.17,519,60.0,120.0,134.16407864998737,-1,-303.434948822922,-11,6,0,4.687148862170573
3153,2596301,407810.0,3398540.0,10,330,3,3,2585.0,9.2,509,6,5,407920,3398590,509,0,5,-88.6,519,110.0,50.0,120.83045973594572,0,-264.44395478041656,-10,6,0,4.731050624536694
3154,2596301,407810.0,3398540.0,10,330,3,3,2585.0,9.2,509,6,5,407930,3398600,509,0,5,-89.93,519,120.0,60.0,134.16407864998737,0,-266.565051177078,-10,6,0,4.262693045214654
3155,2596301,407810.0,3398540.0,10,330,3,3,2585.0,9.2,509,6,5,408085,3398745,507,0,6,-95.0,519,275.0,205.0,343.0014577228499,-2,-276.7028550301631,-12,6,0,2.003691329534817
3156,2596301,407810.0,3398540.0,10,330,3,3,2585.0,9.2,509,6,5,407875,3398655,509,0,12,-92.14,519,65.0,115.0,132.09844813622905,0,-300.52411099675425,-10,6,0,4.329097546933957
3157,2596301,407810.0,3398540.0,10,330,3,3,2585.0,9.2,509,6,5,408110,3398740,507,0,13,-99.5,519,300.0,200.0,360.5551275463989,-2,-273.69006752597977,-12,6,0,1.9062151828097713
3158,2596301,407810.0,3398540.0,10,330,3,3,2585.0,9.2,509,6,5,407955,3398575,508,0,5,-93.14,519,145.0,35.0,149.164338901763,-1,-253.5704343851615,-11,6,0,4.2175952412644255
3159,2596301,407810.0,3398540.0,10,330,3,3,2585.0,9.2,509,6,5,407980,3398610,507,0,5,-91.22,519,170.0,70.0,183.84776310850236,-2,-262.38013505195954,-12,6,0,3.7344780780498508
3160,2596301,407810.0,3398540.0,10,330,3,3,2585.0,9.2,509,6,5,407960,3398630,507,0,5,-94.75,519,150.0,90.0,174.92855684535903,-2,-270.9637565320735,-12,6,0,3.9243099740178775
3161,2596301,407810.0,3398540.0,10,330,3,3,2585.0,9.2,509,6,5,407950,3398580,508,0,5,-93.5,519,140.0,40.0,145.60219778561037,-1,-255.94539590092285,-11,6,0,4.320392181224771
3162,2596301,407810.0,3398540.0,10,330,3,3,2585.0,9.2,509,6,5,407975,3398635,507,0,5,-87.73,519,165.0,95.0,190.3943276465977,-2,-269.93151184050777,-12,6,0,3.6064157805674637
3163,2596301,407810.0,3398540.0,10,330,3,3,2585.0,9.2,509,6,5,407965,3398625,507,0,5,-88.73,519,155.0,85.0,176.7766952966369,-2,-268.73979529168804,-12,6,0,3.883408881805994
3164,2596301,407810.0,3398540.0,10,330,3,3,2585.0,9.2,509,6,5,407830,3398460,505,0,5,-93.6,519,20.0,-80.0,82.46211251235322,-4,-164.0362434679265,-14,6,0,9.635511921940111
3165,2596301,407810.0,3398540.0,10,330,3,3,2585.0,9.2,509,6,5,407880,3398710,508,0,6,-103.33,519,70.0,170.0,183.84776310850236,-1,-307.6198649480404,-11,6,0,3.4240455121868183
3166,2596301,407810.0,3398540.0,10,330,3,3,2585.0,9.2,509,6,5,407685,3398505,508,0,5,-96.0,519,-125.0,-35.0,129.80754985747168,-1,-75.64224645720873,-11,6,0,4.843719979143165
3167,2596301,407810.0,3398540.0,10,330,3,3,2585.0,9.2,509,6,5,407925,3398585,509,0,5,-88.53,519,115.0,45.0,123.4908903522847,0,-261.3706222693432,-10,6,0,4.629574951783187
3168,2596301,407810.0,3398540.0,10,330,3,3,2585.0,9.2,509,6,5,407935,3398595,509,0,5,-89.61,519,125.0,55.0,136.56500283747664,0,-263.74949449286675,-10,6,0,4.188020444257567
3169,2596301,407810.0,3398540.0,10,330,3,3,2585.0,9.2,509,6,5,407750,3398540,510,5,6,-92.5,519,-60.0,0.0,60.0,1,-60.0,-9,6,0,8.530765609948133
3170,2596301,407810.0,3398540.0,10,330,3,3,2585.0,9.2,509,6,5,408150,3398780,508,0,13,-90.0,519,340.0,240.0,416.17304093369626,-1,-275.2175929681927,-11,6,0,1.5140501812969405
3171,2596301,407810.0,3398540.0,10,330,3,3,2585.0,9.2,509,6,5,407855,3398675,508,5,15,-91.5,519,45.0,135.0,142.30249470757707,-1,-311.565051177078,-11,6,0,4.420180668608431
3172,2596301,407810.0,3398540.0,10,330,3,3,2585.0,9.2,509,6,5,408105,3398725,507,0,5,-98.0,519,295.0,185.0,348.209706929603,-2,-272.09259132873416,-12,6,0,1.9737455613132926
3173,2596301,407810.0,3398540.0,10,330,3,3,2585.0,9.2,509,6,5,407970,3398640,507,0,5,-87.67,519,160.0,100.0,188.67962264113208,-2,-272.0053832080835,-12,6,0,3.639102914803162
3174,2596301,407810.0,3398540.0,10,330,3,3,2585.0,9.2,509,6,5,407730,3398560,510,0,15,-87.33,519,-80.0,20.0,82.46211251235322,1,-45.963756532073546,-9,6,0,6.22866706348412
3175,2596301,407810.0,3398540.0,10,330,3,3,2585.0,9.2,509,6,5,407945,3398565,509,6,5,-92.0,519,135.0,25.0,137.2953021774598,0,-250.4914770123316,-10,6,0,4.165822216233385
3176,2596301,407810.0,3398540.0,10,330,3,3,2585.0,9.2,509,6,5,407975,3398520,509,0,5,-94.0,519,165.0,-20.0,166.20770138594662,0,-233.08877288097528,-10,6,0,3.443089196690515
3177,2596301,407810.0,3398540.0,10,330,3,3,2585.0,9.2,509,6,5,407700,3398605,507,5,5,-84.0,519,-110.0,65.0,127.76932339180638,-2,-29.420773127510984,-12,6,0,5.365438147516779
3178,2596301,407810.0,3398540.0,10,330,3,3,2585.0,9.2,509,6,5,407885,3398430,506,0,6,-101.5,519,75.0,-110.0,133.13526955694348,-3,-184.28687697720898,-13,6,0,5.576969432830897
3179,2596301,407810.0,3398540.0,10,330,3,3,2585.0,9.2,509,6,5,407955,3398540,509,0,10,-87.75,519,145.0,0.0,145.0,0,-240.0,-10,6,0,3.945186229037563
3180,2596301,407810.0,3398540.0,10,330,3,3,2585.0,9.2,509,6,5,407805,3398670,507,5,5,-81.5,519,-5.0,130.0,130.09611831257686,-2,27.79740183823418,-12,6,0,5.270021416764185
3181,2596301,407810.0,3398540.0,10,330,3,3,2585.0,9.2,509,6,5,407810,3398675,506,5,5,-87.8,519,0.0,135.0,135.0,-3,-330.0,-13,6,0,5.500411470201907
3182,2596301,407810.0,3398540.0,10,330,3,3,2585.0,9.2,509,6,5,407815,3398680,506,5,6,-94.5,519,5.0,140.0,140.089257261219,-3,-327.95459151111277,-13,6,0,5.301748746317293
3183,2596301,407810.0,3398540.0,10,330,3,3,2585.0,9.2,509,6,5,407830,3398655,507,5,6,-90.0,519,20.0,115.0,116.72617529928752,-2,-320.13419305691565,-12,6,0,5.869655242120145
3184,2596301,407810.0,3398540.0,10,330,3,3,2585.0,9.2,509,6,5,407825,3398650,507,5,5,-87.33,519,15.0,110.0,111.01801655587259,-2,-322.23483398157464,-12,6,0,6.169181490191689
3185,2596301,407810.0,3398540.0,10,330,3,3,2585.0,9.2,509,6,5,407985,3398490,510,0,13,-97.33,519,175.0,-50.0,182.00274723201295,1,-224.05460409907715,-9,6,0,2.8309590149570947
3186,2596301,407810.0,3398540.0,10,330,3,3,2585.0,9.2,509,6,5,407990,3398495,509,0,13,-99.0,519,180.0,-45.0,185.53975315279473,0,-225.9637565320735,-10,6,0,3.085074556160293
3187,2596301,407810.0,3398540.0,10,330,3,3,2585.0,9.2,509,6,5,407980,3398485,509,0,5,-90.0,519,170.0,-55.0,178.67568385205638,0,-222.07208023799274,-10,6,0,3.2033496190340944
3188,2596301,407810.0,3398540.0,10,330,3,3,2585.0,9.2,509,6,5,407860,3398445,505,6,5,-98.5,519,50.0,-95.0,107.35455276791944,-4,-177.75854060106008,-14,6,0,7.429955511029096
3189,2596301,407810.0,3398540.0,10,330,3,3,2585.0,9.2,509,6,5,407970,3398515,509,0,5,-90.0,519,160.0,-25.0,161.94134740701648,0,-231.11934084947973,-10,6,0,3.533570684160266
3190,2596301,407810.0,3398540.0,10,330,3,3,2585.0,9.2,509,6,5,407960,3398505,509,96,6,-96.4,519,150.0,-35.0,154.02921800749363,0,-226.86597769360367,-10,6,0,3.71458632062363
3191,2596301,407810.0,3398540.0,10,330,3,3,2585.0,9.2,509,6,5,407845,3398470,506,0,13,-96.67,519,35.0,-70.0,78.26237921249263,-3,-176.56505117707798,-13,6,0,9.431170070838307
3192,2596301,407810.0,3398540.0,10,330,3,3,2585.0,9.2,509,6,5,407800,3398665,507,5,5,-82.67,519,-10.0,125.0,125.39936203984452,-2,25.426078740099115,-12,6,0,5.466232679222325
3193,2596301,407810.0,3398540.0,10,330,3,3,2585.0,9.2,509,6,5,407730,3398595,509,5,15,-83.75,519,-80.0,55.0,97.082439194738,0,-25.491477012331586,-10,6,0,5.881024693804078
3194,2596301,407810.0,3398540.0,10,330,3,3,2585.0,9.2,509,6,5,407940,3398525,509,0,5,-93.92,519,130.0,-15.0,130.86252328302402,0,-233.418055344822,-10,6,0,4.36982587280222
3195,2596301,407810.0,3398540.0,10,330,3,3,2585.0,9.2,509,6,5,407875,3398460,506,0,6,-91.78,519,65.0,-80.0,103.07764064044152,-3,-189.0938588862295,-13,6,0,7.1881084505116375
3196,2596301,407810.0,3398540.0,10,330,3,3,2585.0,9.2,509,6,5,408165,3398790,508,0,13,-98.75,519,355.0,250.0,434.1946568072896,-1,-275.1541776321474,-11,6,0,1.451235705531881
3197,2596301,407810.0,3398540.0,10,330,3,3,2585.0,9.2,509,6,5,407920,3398545,509,0,10,-86.4,519,110.0,5.0,110.11357772772621,0,-242.60256220249983,-10,6,0,5.189100328112662
3198,2596301,407810.0,3398540.0,10,330,3,3,2585.0,9.2,509,6,5,407925,3398550,509,0,10,-90.88,519,115.0,10.0,115.43396380615195,0,-244.9697407281103,-10,6,0,4.951150471114766
3199,2596301,407810.0,3398540.0,10,330,3,3,2585.0,9.2,509,6,5,407870,3398455,506,0,5,-94.29,519,60.0,-85.0,104.04326023342406,-3,-185.21759296819272,-13,6,0,7.12208426126698
3200,2596301,407810.0,3398540.0,10,330,3,3,2585.0,9.2,509,6,5,407795,3398700,506,0,6,-85.33,519,-15.0,160.0,160.70158679988197,-3,24.6441749571448,-13,6,0,4.6248872290365926
3201,2596301,407810.0,3398540.0,10,330,3,3,2585.0,9.2,509,6,5,407765,3398710,506,5,15,-84.7,519,-45.0,170.0,175.85505395068975,-3,15.17352002964435,-13,6,0,4.227872501480619
3202,2596301,407810.0,3398540.0,10,330,3,3,2585.0,9.2,509,6,5,407770,3398715,506,5,15,-81.73,519,-40.0,175.0,179.51323071016242,-3,17.124998440387515,-13,6,0,4.1420185581257405
3203,2596301,407810.0,3398540.0,10,330,3,3,2585.0,9.2,509,6,5,407785,3398690,506,0,15,-85.5,519,-25.0,150.0,152.0690632574555,-3,20.537677791974374,-13,6,0,4.88619159658935
3204,2596301,407810.0,3398540.0,10,330,3,3,2585.0,9.2,509,6,5,407760,3398705,506,0,15,-85.59,519,-50.0,165.0,172.40939649566667,-3,13.141601232261735,-13,6,0,4.3120523091711975
3205,2596301,407810.0,3398540.0,10,330,3,3,2585.0,9.2,509,6,5,407780,3398685,506,0,15,-83.85,519,-30.0,145.0,148.07092894960846,-3,18.310630824560803,-13,6,0,5.017461308877644
3206,2596301,407810.0,3398540.0,10,330,3,3,2585.0,9.2,509,6,5,407945,3398530,509,0,5,-90.36,519,135.0,-10.0,135.36986370680884,0,-235.76360520094113,-10,6,0,4.224861896749412
3207,2596301,407810.0,3398540.0,10,330,3,3,2585.0,9.2,509,6,5,407930,3398555,509,0,5,-89.5,519,120.0,15.0,120.93386622447825,0,-247.1250163489018,-10,6,0,4.727023601589911
3208,2596301,407810.0,3398540.0,10,330,3,3,2585.0,9.2,509,6,5,408175,3398800,508,0,5,-102.5,519,365.0,260.0,448.13502429513363,-1,-275.4633642415406,-11,6,0,1.4061097821478659
3209,2596301,407810.0,3398540.0,10,330,3,3,2585.0,9.2,509,6,5,407935,3398560,509,0,5,-90.63,519,125.0,20.0,126.58988901172162,0,-249.0902769208223,-10,6,0,4.51671489873507
3210,2596301,407810.0,3398540.0,10,330,3,3,2585.0,9.2,509,6,5,408170,3398795,508,0,5,-98.0,519,360.0,255.0,441.16323509558225,-1,-275.3112134396332,-11,6,0,1.4283216775540266
3211,2596301,407810.0,3398540.0,10,330,3,3,2585.0,9.2,509,6,5,407740,3398565,510,0,15,-84.2,519,-70.0,25.0,74.33034373659252,1,-40.34617594194668,-9,6,0,6.903828903737672
3212,2596301,407810.0,3398540.0,10,330,3,3,2585.0,9.2,509,6,5,407840,3398465,506,6,13,-96.25,519,30.0,-75.0,80.77747210701756,-3,-171.80140948635176,-13,6,0,9.142557244163738
3213,2596301,407810.0,3398540.0,10,330,3,3,2585.0,9.2,509,6,5,407850,3398475,506,0,13,-92.5,519,40.0,-65.0,76.32168761236873,-3,-181.60750224624888,-13,6,0,9.66651345460569
3214,2596301,407810.0,3398540.0,10,330,3,3,2585.0,9.2,509,6,5,407745,3398570,510,0,15,-83.29,519,-65.0,30.0,71.58910531638176,1,-35.224859431168056,-9,6,0,7.165487395024589
3215,2596301,407810.0,3398540.0,10,330,3,3,2585.0,9.2,509,6,5,407790,3398695,506,0,5,-92.38,519,-20.0,155.0,156.28499608087785,-3,22.64762064010762,-13,6,0,4.754994740950831
3216,2596301,407810.0,3398540.0,10,330,3,3,2585.0,9.2,509,6,5,407950,3398535,509,0,10,-96.43,519,140.0,-5.0,140.089257261219,0,-237.95459151111277,-10,6,0,4.083022453842381
3217,2596301,407810.0,3398540.0,10,330,3,3,2585.0,9.2,509,6,5,407995,3398500,509,96,13,-94.5,519,185.0,-40.0,189.274932307477,0,-227.79953127261922,-10,6,0,3.024307399059412
3218,2596301,407810.0,3398540.0,10,330,3,3,2585.0,9.2,509,6,5,407855,3398480,507,0,13,-93.33,519,45.0,-60.0,75.0,-2,-186.86989764584405,-12,6,0,9.090276920822323
3219,2596301,407810.0,3398540.0,10,330,3,3,2585.0,9.2,509,6,5,407755,3398580,509,0,15,-85.4,519,-55.0,40.0,68.00735254367721,0,-23.9726266148964,-10,6,0,8.364994453540968
3220,2596301,407810.0,3398540.0,10,330,3,3,2585.0,9.2,509,6,5,407865,3398450,506,0,5,-98.2,519,55.0,-90.0,105.47511554864494,-3,-181.4295656148385,-13,6,0,7.026372884218907
3221,2596301,407810.0,3398540.0,10,330,3,3,2585.0,9.2,509,6,5,407775,3398720,506,5,5,-84.5,519,-35.0,180.0,183.3712082089225,-3,18.996459148250494,-13,6,0,4.055167772244361
3222,2596301,407810.0,3398540.0,10,330,3,3,2585.0,9.2,509,6,5,407750,3398575,509,0,15,-84.0,519,-60.0,35.0,69.46221994724903,0,-29.743562836470744,-10,6,0,8.19219487435178
3223,2596301,407810.0,3398540.0,10,330,3,3,2585.0,9.2,509,6,5,407965,3398510,509,0,6,-89.5,519,155.0,-30.0,157.87653403846943,0,-229.04593735660166,-10,6,0,3.6243093085839444
3224,2596301,407810.0,3398540.0,10,330,3,3,2585.0,9.2,509,6,5,407835,3398660,507,5,5,-89.75,519,25.0,120.0,122.57650672131263,-2,-318.23171106797935,-12,6,0,5.591327574337697
3225,2596301,407810.0,3398540.0,10,330,3,3,2585.0,9.2,509,6,5,408160,3398785,508,0,13,-99.17,519,350.0,245.0,427.2294465506796,-1,-274.99202019855863,-11,6,0,1.4748851355175359
3226,2596301,407810.0,3398540.0,10,330,3,3,2585.0,9.2,509,6,5,407910,3398655,509,5,5,-101.0,519,100.0,115.0,152.3975065412817,0,-288.99091309842976,-10,6,0,3.7542450459679295
3227,2596301,407810.0,3398540.0,10,330,3,3,2585.0,9.2,509,6,5,407915,3398660,509,5,5,-107.5,519,105.0,120.0,159.45218719101973,0,-288.81407483429035,-10,6,0,3.5885891511111128
3228,2596301,407810.0,3398540.0,10,330,3,3,2585.0,9.2,509,6,5,407905,3398650,509,0,5,-93.25,519,95.0,110.0,145.34441853748632,0,-289.18491612511843,-10,6,0,3.9358668506738494
3229,2596301,407810.0,3398540.0,10,330,3,3,2585.0,9.2,509,6,5,407895,3398680,509,5,5,-97.5,519,85.0,140.0,163.783393541592,0,-298.73626830562256,-10,6,0,3.4939281760080876
3230,2596301,407810.0,3398540.0,10,330,3,3,2585.0,9.2,509,6,5,407935,3398640,508,9,6,-99.5,519,125.0,100.0,160.0781059358212,-1,-278.6598082540901,-11,6,0,3.930983335744289
3231,2596301,407810.0,3398540.0,10,330,3,3,2585.0,9.2,509,6,5,408120,3398745,508,0,5,-98.5,519,310.0,205.0,371.6517186829626,-1,-273.4762782961027,-11,6,0,1.6953228030325864
3232,2596301,407810.0,3398540.0,10,330,3,3,2585.0,9.2,509,6,5,407725,3398510,509,0,6,-105.4,519,-85.0,-30.0,90.13878188659973,0,-79.44003482817618,-10,6,0,6.330509401162716
3233,2596301,407810.0,3398540.0,10,330,3,3,2585.0,9.2,509,6,5,407735,3398520,510,0,6,-91.0,519,-75.0,-20.0,77.62087348130012,1,-74.93141717813756,-9,6,0,6.6138089555104465
3234,2596301,407810.0,3398540.0,10,330,3,3,2585.0,9.2,509,6,5,407780,3398445,506,0,5,-96.2,519,-30.0,-95.0,99.62429422585637,-3,-132.47443162627712,-13,6,0,7.434533363783122
3235,2596301,407810.0,3398540.0,10,330,3,3,2585.0,9.2,509,6,5,407880,3398665,509,0,12,-93.25,519,70.0,125.0,143.26548781894402,0,-300.751173663453,-10,6,0,3.9927969435446817
3236,2596301,407810.0,3398540.0,10,330,3,3,2585.0,9.2,509,6,5,408135,3398760,508,0,13,-95.71,519,325.0,220.0,392.4601890638081,-1,-274.09497795476557,-11,6,0,1.6054841492963279
3237,2596301,407810.0,3398540.0,10,330,3,3,2585.0,9.2,509,6,5,408125,3398750,508,0,13,-96.0,519,315.0,210.0,378.5828839237189,-1,-273.69006752597977,-11,6,0,1.664302139504687
3238,2596301,407810.0,3398540.0,10,330,3,3,2585.0,9.2,509,6,5,407955,3398620,508,0,13,-92.69,519,145.0,80.0,165.60495161679194,-1,-268.8865817669107,-11,6,0,3.8001829938228044
3239,2596301,407810.0,3398540.0,10,330,3,3,2585.0,9.2,509,6,5,407995,3398580,508,96,13,-97.0,519,185.0,40.0,189.274932307477,-1,-252.20046872738078,-11,6,0,3.326089909240063
3240,2596301,407810.0,3398540.0,10,330,3,3,2585.0,9.2,509,6,5,407960,3398585,508,0,5,-89.56,519,150.0,45.0,156.60459763365824,-1,-256.6992442339936,-11,6,0,4.017890528315038
3241,2596301,407810.0,3398540.0,10,330,3,3,2585.0,9.2,509,6,5,407900,3398645,510,0,6,-93.45,519,90.0,105.0,138.2931668593933,1,-289.3987053549955,-9,6,0,3.7235091093771655
3242,2596301,407810.0,3398540.0,10,330,3,3,2585.0,9.2,509,6,5,407965,3398590,508,0,5,-89.06,519,155.0,50.0,162.8649747490233,-1,-257.87869659584135,-11,6,0,3.863923721932058
3243,2596301,407810.0,3398540.0,10,330,3,3,2585.0,9.2,509,6,5,407760,3398465,507,0,13,-91.67,519,-50.0,-75.0,90.13878188659973,-2,-116.30993247402023,-12,6,0,7.583086473236082
3244,2596301,407810.0,3398540.0,10,330,3,3,2585.0,9.2,509,6,5,407945,3398610,508,0,13,-90.07,519,135.0,70.0,152.0690632574555,-1,-267.4075754378184,-11,6,0,4.137315942505482
3245,2596301,407810.0,3398540.0,10,330,3,3,2585.0,9.2,509,6,5,407975,3398600,507,0,5,-93.5,519,165.0,60.0,175.57049866079439,-2,-259.98310652189997,-12,6,0,3.9100060309689137
3246,2596301,407810.0,3398540.0,10,330,3,3,2585.0,9.2,509,6,5,407980,3398565,508,0,5,-96.5,519,170.0,25.0,171.82840277439584,-1,-248.3658861240326,-11,6,0,3.6629259330210036
3247,2596301,407810.0,3398540.0,10,330,3,3,2585.0,9.2,509,6,5,407970,3398595,508,0,5,-92.14,519,160.0,55.0,169.1892431568863,-1,-258.9704078084865,-11,6,0,3.719904206283326
3248,2596301,407810.0,3398540.0,10,330,3,3,2585.0,9.2,509,6,5,407940,3398605,508,0,5,-91.09,519,130.0,65.0,145.34441853748632,-1,-266.565051177078,-11,6,0,4.328025631797275
3249,2596301,407810.0,3398540.0,10,330,3,3,2585.0,9.2,509,6,5,407950,3398615,508,0,13,-87.71,519,140.0,75.0,158.8238017426859,-1,-268.17859010995915,-11,6,0,3.9619296274579745
3250,2596301,407810.0,3398540.0,10,330,3,3,2585.0,9.2,509,6,5,407790,3398455,506,6,13,-96.67,519,-20.0,-85.0,87.32124598286491,-3,-136.75948008481282,-13,6,0,8.46774764155561
3251,2596301,407810.0,3398540.0,10,330,3,3,2585.0,9.2,509,6,5,407775,3398480,507,0,13,-91.38,519,-35.0,-60.0,69.46221994724903,-2,-119.74356283647072,-12,6,0,9.8014346990149
3252,2596301,407810.0,3398540.0,10,330,3,3,2585.0,9.2,509,6,5,407770,3398475,507,0,13,-92.33,519,-40.0,-65.0,76.32168761236873,-2,-118.39249775375112,-12,6,0,8.935419447903834
3253,2596301,407810.0,3398540.0,10,330,3,3,2585.0,9.2,509,6,5,407985,3398570,508,96,5,-93.67,519,175.0,30.0,177.55280904564702,-1,-249.72757855140162,-11,6,0,3.545137238534029
3254,2596301,407810.0,3398540.0,10,330,3,3,2585.0,9.2,509,6,5,407765,3398470,507,0,13,-90.5,519,-45.0,-70.0,83.21658488546619,-2,-117.26477372789239,-12,6,0,8.205603007758057
3255,2596301,407810.0,3398540.0,10,330,3,3,2585.0,9.2,509,6,5,407745,3398490,508,0,5,-88.67,519,-65.0,-50.0,82.00609733428362,-1,-97.56859202882748,-11,6,0,7.639845389799179
3256,2596301,407810.0,3398540.0,10,330,3,3,2585.0,9.2,509,6,5,408130,3398755,508,0,13,-98.29,519,320.0,215.0,385.5191305240247,-1,-273.8961665633639,-11,6,0,1.634374463525718
3257,2596301,407810.0,3398540.0,10,330,3,3,2585.0,9.2,509,6,5,407795,3398460,506,6,13,-94.0,519,-15.0,-80.0,81.39410298049853,-3,-139.38034472384487,-13,6,0,9.07445118883015
3258,2596301,407810.0,3398540.0,10,330,3,3,2585.0,9.2,509,6,5,407860,3398685,508,0,15,-92.0,519,50.0,145.0,153.37861650177967,-1,-310.9743939624313,-11,6,0,4.102112466632998
3259,2596301,407810.0,3398540.0,10,330,3,3,2585.0,9.2,509,6,5,407870,3398695,508,0,15,-106.5,519,60.0,155.0,166.20770138594662,-1,-308.8387401831717,-11,6,0,3.786441849155542
3260,2596301,407810.0,3398540.0,10,330,3,3,2585.0,9.2,509,6,5,407730,3398515,510,0,6,-111.0,519,-80.0,-25.0,83.81527307120105,1,-77.35402463626133,-9,6,0,6.1288795245713965
3261,2596301,407810.0,3398540.0,10,330,3,3,2585.0,9.2,509,6,5,407785,3398450,506,0,13,-96.2,519,-25.0,-90.0,93.40770846134703,-3,-134.47588900324575,-13,6,0,7.9232340709578235
